89508
377453
852789
906262
80842
438352
543300
256238
218119
329125
659025
967509
960734
755222
794766
56201
179462
497568
712006
185070
132305
66422
251555
515522
687232
314290
919266
259041
265472
852307
287387
526928
614165
616385
969783
569039
311997
711975
598243
834524
848749
412204
97863
733385
47675
572797
878728
572769
552908
769506
28290
971938
495464
591381
947347
359130
834593
523168
223741
778997
729040
259319
93656
126855
479996
562182
750902
868129
18660
342203
604583
911363
731886
429363
838692
123406
332245
462412
359906
118542
563794
740747
402102
85338
330978
81149
881473
424241
853930
52874
147439
454882
524699
357174
807661
14703
987613
802642
71856
831397
143879
713492
918601
399483
248848
324722
582893
720552
811646
809646
975687
252529
957430
682629
342322
336263
753549
71955
970569
627798
341101
69383
866045
282044
552592
724308
877321
55452
574139
79578
543022
45792
160493
529596
754664
269223
507513
962279
981798
222487
337790
655481
430020
193082
807357
167210
653627
631868
942208
593924
305607
130685
505216
277923
991270
206428
624575
824073
339951
269466
898747
228098
519227
514013
291460
81373
707687
432393
142749
486931
172818
537637
499512
230646
171942
384389
931692
213830
628708
275898
610733
136568
661382
471737
544872
960995
154327
406832
550014
385075
455168
973511
928345
740790
557034
65211
680046
414010
340446
972763
815920
854277
538010
491427
570187
678660
418734
918759
293114
237225
465853
651022
477150
327865
451431
428731
85263
233329
73300
55978
174972
871476
444602
939159
659266
274050
875495
523374
917324
612380
86802
943524
931073
977471
140461
764812
753373
894007
47824
174072
167141
778931
918766
540641
357534
777169
588243
505775
569495
210880
245866
899313
274523
601218
653542
393267
609795
426673
193659
805654
262315
881169
132407
733808
505721
457546
264991
938840
117534
901126
417913
622790
529493
91724
290226
166106
461339
867544
604857
224860
951856
472049
47228
715880
790905
794397
422343
328215
181272
611768
14558
86838
151645
135389
59975
2205
511101
340656
627725
149079
394705
665055
8371
862093
632692
298165
112249
808879
665852
135169
476183
647268
305478
192005
200851
760283
198325
828240
71134
616047
280493
654881
608354
564726
693006
177110
596330
729338
465847
803453
862403
229520
530925
191342
259764
552081
786988
137736
940309
494538
359498
240195
528127
351140
171412
263489
94227
579042
690366
72771
458136
355088
46345
333345
973833
924960
96470
905840
963739
165286
262857
446474
802529
488375
736902
436058
341371
33844
6769
412312
161741
226958
856192
745430
968172
881775
892299
992142
317519
727247
366158
800991
593069
709094
492290
49453
635275
89546
336475
229332
132615
471137
747336
459045
896931
374356
20552
990150
140143
79520
539391
665368
784619
326746
891782
961984
163699
724482
667316
841856
87526
254471
545386
949186
336121
837451
306093
78145
990691
451858
988850
89186
93779
950857
431112
878069
45136
852362
325283
972943
549008
292084
125727
842302
293102
485630
842399
261537
293665
622689
361141
283217
764768
369149
737398
605416
391066
743681
154037
777533
705153
508075
686575
542435
231808
150647
27048
848362
587879
205859
881636
999345
667050
717696
33334
564444
815551
695164
292456
409361
220393
498203
802505
691539
725288
985326
972919
614037
250568
365702
689637
403024
566196
76887
258622
255619
610532
774703
157797
51104
319591
47350
313271
594305
524068
699976
576306
148996
491693
997983
3415
65413
743579
875838
71601
749340
863830
467395
420076
598715
58888
811453
33201
303170
16277
447959
300519
717393
468317
334696
350638
681616
20462
421673
660750
241257
393114
877801
11804
541584
541275
771648
947605
333019
365701
64135
728256
984978
730736
933552
559058
354246
769480
364404
440739
810379
703968
787613
776996
11137
781553
740533
632170
185252
37383
689404
673540
509760
391796
362518
911685
993908
329767
61706
922622
932875
606464
638600
841886
105377
314812
401900
94418
842668
197841
230073
808000
25119
490671
796515
484103
593185
459325
388072
613377
483327
685480
203693
23349
535373
875448
969064
492124
141636
52581
887585
191120
658419
112462
968006
147034
716536
688355
601810
43206
854110
734081
833960
548758
701817
760951
248365
581996
916901
451616
177542
105816
730489
249083
506756
912923
724419
777349
274105
146987
813622
62298
250941
908120
962450
893371
244980
740861
670463
485729
933220
373335
137816
989390
917358
604709
791476
154847
152209
288037
991398
579873
445454
984417
904778
404704
989539
569070
239737
244839
332488
225287
781423
244784
977420
333049
333415
523455
993202
542246
246742
560881
416040
588798
739912
785315
268720
537357
623756
728071
956125
598514
47404
98682
719773
97616
672064
759048
283386
85784
244389
129882
271844
527864
751807
898322
367663
352651
727399
378616
169709
189912
783864
237018
39285
918669
32470
397629
838481
537503
91793
275879
812730
960229
939622
45997
274141
966819
534977
94369
68102
613063
464899
281104
312404
85770
778844
816559
483813
796530
847430
966471
487159
201954
664316
407523
428690
659302
82214
490206
592278
594944
689862
741162
831934
986783
174582
476435
501645
532390
590381
828629
806038
229697
863400
989794
967585
978210
742472
647585
872506
994019
427408
735606
846389
54850
169092
638916
865172
14186
599323
439314
45802
678579
206243
682567
619410
708152
738017
291976
62726
769830
133241
629967
454988
144471
595700
866029
326205
245830
880834
925814
960118
718248
3407
995656
809801
521960
720035
623391
274474
990668
531810
795769
797208
723739
107427
735610
9887
337110
420884
642764
238363
907976
4210
317684
956026
909736
737430
890238
703675
771418
404310
859888
530814
666038
127244
780866
573402
428504
203791
610904
385420
209899
883187
864299
839713
363996
912491
578054
730080
215968
339033
759701
427556
611952
383107
903553
651221
31081
263655
126249
884012
542084
127038
658821
294463
247755
415339
285027
834441
303721
771905
959713
233800
76626
308372
360225
289609
637878
511322
65712
757907
999939
623072
495359
902269
639596
13512
248552
388845
446524
12944
542489
141908
686485
324234
380869
915192
478528
445208
337469
985640
968670
656637
501251
247231
695472
851686
678077
639536
333019
976202
249455
339377
443569
62290
80573
478777
580199
154487
783371
451980
689374
191020
264950
941638
634122
415027
365754
516834
657011
607330
500625
764932
283479
18537
970236
716798
118983
297955
159664
984910
14331
399449
586152
166311
262
878332
216351
850803
777901
471106
857536
467550
682036
959856
378277
172590
726703
920063
79112
646889
469298
461777
984846
625869
162300
795271
974138
838958
83438
440478
134228
715692
815546
967525
72273
690939
702283
282142
99178
709692
665989
608903
214991
449191
350100
511875
619926
208078
370062
531702
209392
313963
517977
913674
429237
864791
634833
162320
99010
186866
246484
580635
417982
607887
788599
90229
947342
391576
320195
968992
576267
214994
443854
539580
367340
609949
425363
633227
529877
712424
491048
171098
318042
170192
113057
545248
81540
981452
863313
265730
597689
347513
809050
272148
76582
886536
401806
387164
525275
988745
316519
54023
280586
372033
430978
453542
972193
732487
67210
614448
273387
44197
504040
175171
715995
472934
456285
487213
320493
701270
382538
955143
393570
289578
91559
825071
927827
594444
907246
524783
707566
930725
427251
341745
217697
795379
892100
646158
876321
603709
577241
52374
536377
294693
310059
173841
900703
962312
586024
919478
938704
69831
678811
306164
845810
818725
275457
340501
192459
57902
153815
441818
919173
407059
41671
854925
379208
871646
423363
575754
668472
407518
114827
880146
850374
92545
402797
408162
855326
574621
870070
958146
563827
793853
540847
156555
959785
45095
565959
734193
480620
292904
972096
424380
433867
441769
218144
757677
577255
309273
808047
887198
647948
104278
232568
718800
633734
323863
363430
189213
993791
919933
751797
731599
960774
747355
112458
127119
414552
223718
667497
190985
336141
887830
52117
804636
684147
456391
105826
130285
441384
129981
968607
803506
416462
417547
654450
342833
645869
937500
428123
947245
437535
804126
672627
741103
608465
484916
578822
318920
329890
455177
383809
993141
819063
418211
969342
589344
808359
322259
878642
757547
260442
733180
642082
990339
276054
710296
967395
485522
208930
274995
48114
726434
128230
72435
568079
579944
618491
639117
368812
7579
268933
451582
183364
956176
49140
642249
16152
427218
144393
634795
75556
820627
931921
5632
498905
754125
86422
452484
927765
404092
280932
611191
108797
463
344146
192603
362900
182216
17875
201123
833331
56288
879380
710003
245400
27094
975706
201212
621371
793993
13092
142113
44255
47652
740610
220891
364370
252693
434520
727192
363290
425486
403877
940034
138984
954545
173815
874274
539938
574089
741859
968192
220930
22772
782925
423723
174606
130283
216114
449032
425413
77109
551496
386289
110567
942206
389117
948545
425201
341326
232260
501887
391747
827791
976191
737354
462616
39249
54369
407909
135592
238768
441711
209008
665744
792360
289630
977233
540667
173378
469413
399931
98133
162231
375277
180330
721103
730678
34767
187510
128394
26763
874610
420920
189363
719470
965019
991427
781039
255500
897387
588869
371496
732465
859241
833253
388382
522857
789251
664754
256435
930410
935435
954333
787076
391125
13146
371923
967152
910004
604054
343559
360060
699788
521560
113195
837126
526633
995898
562977
752234
639885
984277
899367
1162
255632
962725
172162
625534
707203
379967
12626
811624
919183
501061
324814
499943
298309
362298
103568
777015
140047
252351
763390
972803
515236
374184
134829
641059
621612
73271
710935
577956
749470
228651
628438
609322
847872
367808
470747
86784
460072
416839
392781
53675
35570
586756
774169
869291
543845
333527
41905
3850
971410
606431
578790
591556
239754
168691
702421
360099
184911
677456
330257
968554
555781
161858
549002
361989
390244
593370
728137
509176
729898
744727
672735
877067
929838
226466
511123
889953
329184
441307
265694
828296
752514
83389
968003
90477
492393
264709
317294
98544
219675
354276
917764
175833
392665
606942
260789
385914
828600
888294
607227
47083
695908
968893
280749
794230
96124
467453
458610
305531
664908
638708
8160
283811
643718
248178
271730
822878
605531
876293
529163
549405
936701
19312
856376
826015
304758
603435
69462
305661
999866
383127
89103
323195
363473
488127
744777
823987
337332
948783
258007
515379
8555
187368
727534
380240
449984
639085
387873
570277
517444
242300
242106
171129
856563
960314
908705
183116
127262
712198
687009
19155
677747
5359
474920
341430
819323
345452
993193
312997
599042
860721
955016
242160
313688
171753
888883
495138
81389
804093
51013
529642
464439
327147
152777
183299
594208
165863
942429
409684
788961
90972
676324
797446
129949
312880
341329
394315
328523
559288
882124
201976
8855
501931
515206
168488
343626
659098
632399
508817
635938
305673
256988
196348
982308
993738
498677
742719
375879
904218
61742
184467
705964
284832
812452
702527
284207
116067
979042
225540
583468
118715
671735
620161
147823
174465
599562
72538
911148
843987
578034
997719
395788
300260
854662
762243
700775
391112
996715
56360
355496
306028
255136
859776
159821
483232
462651
525168
714474
883348
968256
256726
926866
944091
32109
834927
775143
695918
34013
880049
790986
828840
718708
35907
743988
145198
652590
20556
749874
45779
701149
782644
307064
416528
519970
873049
890880
576649
967993
405526
73092
362559
133756
152923
972294
323242
871915
853724
872793
462263
630652
729087
946518
594045
618729
814500
706899
573199
998563
491543
338922
150975
520956
739070
729182
180019
351781
313676
788779
866455
364536
571220
537761
378696
984848
639885
852873
81319
594550
422370
462556
596826
430334
640840
93026
666580
858850
771932
87183
139110
155331
716185
767993
671549
262748
251818
379074
406428
412507
273182
288094
309616
159436
345596
365777
242727
446579
905102
594892
262905
342246
591540
777777
908449
859344
806844
251381
915066
622268
15617
313283
241947
726701
157856
970957
253271
434428
224568
811438
89340
95798
848076
961559
210566
536449
911415
999109
145885
721593
397346
811913
52947
798512
455481
398678
41800
963429
317357
702679
428404
965760
739151
209212
446576
186521
848534
730086
761549
42208
248549
646254
975195
656510
158866
452342
124864
224826
757580
7092
826061
925139
179660
433199
443226
293976
333951
6893
622569
170216
1384
60699
353611
78111
30857
923506
797865
106451
696511
737147
274416
385153
50943
562558
426189
143601
874781
89279
418704
863203
951066
906008
691131
697878
465861
286173
717505
870266
799811
732003
444927
117094
807352
536270
914646
731954
402549
588375
610392
823508
401275
995437
643813
680498
653282
56063
341364
48325
217665
178116
979803
621767
306994
264909
482507
29151
67436
286343
191272
2445
740367
641391
982259
527712
149572
773478
257271
713154
658057
528
482710
490625
353790
722182
43878
137349
105897
360572
965463
825044
536033
321138
41403
617494
835648
394293
208902
509300
164466
200152
61943
72272
76538
706049
273345
981047
484124
418157
429344
168973
72124
33715
590259
76244
627033
230032
266057
480293
886684
399699
968754
855996
978193
92002
355946
66028
176660
958040
207846
474438
896103
406453
988089
93718
763374
392458
602658
96668
981725
824229
740919
813267
690138
861680
406471
865812
887310
220521
146597
37096
776762
794702
668462
920670
898707
696915
58048
612724
225344
118336
248203
607689
811056
343539
853932
852486
894923
215713
354683
688930
893561
625623
791927
490636
652237
505958
176234
368379
256723
363640
687642
710448
325746
319252
738854
678179
901977
936917
950002
551943
998895
280152
579935
21918
507362
829995
296935
401764
842433
459082
25546
45
55742
646038
802704
204336
950473
651094
103472
927874
815758
505963
637683
32540
755659
599559
419257
854382
753391
459143
291435
84537
215247
265849
866926
247536
902471
420245
493174
688688
704636
670561
185202
750610
644321
926086
665738
676272
722348
218857
302233
680124
38394
910065
437605
612318
667251
986292
910873
386510
39819
330985
511027
606774
429233
646145
497487
916017
321733
542591
195569
588381
652266
215962
222429
463716
47227
32871
288100
338855
758937
9241
885285
278476
702877
418332
201440
513124
699692
750216
774085
752289
697269
918436
216915
682578
616502
253355
691111
217815
895201
629307
154373
746103
791318
538002
428634
778235
128910
561532
76416
213225
492945
733692
990110
487098
355346
398741
239895
597235
135155
81189
759690
576284
299094
563820
206738
553347
249066
269457
559926
624965
753190
633926
668002
371638
637255
174060
675206
737517
98034
490998
160825
745624
673344
999354
562926
984895
405565
898419
11356
522085
652665
539263
13874
258736
934386
61701
637080
757106
774803
577848
231070
365454
987141
426297
239939
567596
836785
617013
630042
165990
516118
728134
91703
253929
388438
251823
775727
493783
856030
697754
33635
584736
437738
274646
246661
807391
238201
684904
721202
766362
211898
180345
421995
141870
412998
264914
254821
508442
83217
736187
861153
522951
64269
283643
821398
456850
436211
205584
605998
74379
347314
110162
520437
458554
293814
352787
381345
294795
112795
220224
661287
579771
672270
449819
284850
441997
923750
422244
504155
846742
73111
910468
451443
260575
868046
655469
297073
714784
253807
44260
657669
739419
939711
244979
677734
115816
708512
166718
343308
225811
496246
580937
382608
477230
952961
491070
593430
928039
136194
390736
981500
139859
71608
850606
721724
481895
461100
388949
717452
159533
794182
195872
377241
372880
506662
25705
661234
829965
185469
303623
529974
319679
696084
784446
117517
673862
538160
399120
888410
493887
938574
705848
60471
959874
67177
56690
921740
358101
660307
354302
380276
80361
640725
760244
461390
198367
625807
75672
44055
636181
992556
492921
236463
71174
683939
264866
626986
188244
515640
40469
815019
17347
108158
470726
498425
688156
468798
143485
177785
174673
684853
929993
346781
378473
162175
746872
937390
536900
367114
760581
926131
741291
315415
930546
497478
76163
710480
927062
798203
852731
573817
233388
527371
106545
239686
412975
206093
852709
414877
546029
647789
9206
525176
676876
626206
629633
113226
605914
912117
697424
142026
293072
312543
72544
501683
546084
580839
966865
878704
133692
138148
248410
125899
741163
341875
721797
688331
285105
287552
701290
730778
462484
999114
520060
812522
92441
457730
966413
489542
734190
76385
55353
229042
665013
794608
444143
433904
988617
699440
547988
257305
385763
933846
15372
575445
340182
811941
381700
264726
465792
334958
85981
128367
416563
985700
986960
471593
138073
548395
671915
869680
832539
339451
531764
980300
669874
186623
904416
937917
879784
619207
487801
546666
501507
497237
211162
328275
45575
511019
500130
248456
461592
364106
161589
957885
303860
439386
205859
529758
988972
842213
972194
886469
203693
385405
275812
139668
463117
509462
947497
94304
728478
851379
967282
61672
848744
413569
237281
619769
180984
310191
53676
64464
717411
72871
339422
970049
165184
122776
284576
661107
521400
795682
110296
20958
258987
333896
977377
104607
146337
612939
458392
383170
736951
563028
428432
477302
398783
899845
364043
442493
381137
550100
955134
629799
798825
355739
868972
87960
725712
370513
195576
591154
149030
633557
791952
889325
438520
160774
939101
537360
508571
784379
526159
96064
496232
88484
161735
985085
176708
951018
425018
976523
653533
146071
807145
487017
12158
938929
808307
373732
768833
66917
839470
25356
17229
203775
628146
719705
144412
225130
446798
303460
296943
71513
411910
611351
178135
69488
565959
695631
323979
83118
36251
128461
262212
344441
648064
613488
356552
229127
24558
122058
249683
162386
849001
829263
897447
398679
922834
724966
994646
529376
530109
52460
144383
746160
608709
872215
265564
693292
829663
204173
752187
893341
39890
560670
810656
876439
855013
28108
80168
121433
372134
698743
880631
597141
370915
546679
767566
145983
986283
521412
615813
161840
327326
255457
377044
973295
95425
471382
406130
217333
987103
699625
187693
913496
48832
105498
429696
66699
950757
940617
791615
784990
306456
409019
70512
609624
141842
124463
936780
11489
990128
940621
146364
707287
96671
874015
87105
297057
119121
5653
234734
411799
634140
212155
291362
192713
262067
172327
801336
82407
480669
502822
193098
978517
550828
701846
344020
838744
903994
522076
94241
842258
315585
792739
777666
423942
884435
749032
920150
982488
930123
794056
241157
451855
271042
691313
232447
310739
578079
95596
883890
275629
378968
391824
931429
301061
154826
872773
169748
319761
30224
802778
650465
571713
394787
461996
974401
504991
236117
420038
119138
980877
585668
356907
742311
215915
553218
726212
634958
398137
853713
887652
922860
35295
227545
699011
511429
565520
309903
103537
746170
297165
468322
853632
598146
238258
319516
751916
709709
605571
248372
882935
514762
667488
288584
60774
508728
635719
612129
614767
501096
373573
680863
343167
756592
332150
256110
933936
73893
414452
957615
260308
575210
637909
558775
70828
918846
153609
422260
179633
870876
536162
365435
360773
944274
262988
204597
18232
152416
333470
576802
527641
557536
59930
444561
490893
888523
192791
578242
871879
406536
615576
881514
978827
755787
105454
761224
319029
734870
903724
267501
716982
929028
457379
148905
59393
462304
602016
614301
195030
525654
979947
575079
110745
294694
716415
208562
21266
620916
454210
99578
561577
112349
813456
9526
702289
696398
4976
313175
258836
319855
952555
211928
742748
852432
189130
310270
157416
428902
625107
771947
747467
155016
278502
150421
647629
420978
808993
936781
405579
87592
265544
495095
779833
866555
513438
797273
394415
876790
45832
252055
654642
684087
313417
288397
459546
804845
200678
235060
860532
859205
594000
864289
487424
859658
989032
613786
811024
810604
143548
489525
387055
482554
734043
678225
581315
840094
950922
437761
484765
582067
181274
223521
497944
441646
196924
141527
625261
155256
697690
196414
60397
736048
722048
179172
989544
650165
389134
217598
792943
857101
608743
576777
709056
88209
913661
822408
264093
362458
149896
178754
624522
892192
137832
641130
312781
537642
197844
485644
874466
541507
679838
702180
233996
122749
547992
902
882557
94266
863080
974321
430500
398466
276532
963635
974476
348821
435196
866115
320727
292485
523789
781916
651688
761488
372781
495658
306497
617638
334225
532232
311138
525492
773959
356585
912364
670968
600994
929870
951398
907346
692569
305457
888360
101103
290510
805598
890989
701160
639055
773933
486911
163587
246057
641406
635896
572854
265217
224373
904834
661964
198006
815112
8946
187500
386731
8690
186189
508464
609306
659402
367470
960979
756604
334959
891579
25245
709898
190872
171037
307267
692025
577171
565431
253545
169396
993509
872232
516173
399491
409176
353919
33560
456435
969979
400969
152624
393937
474775
355081
417554
97649
687021
489778
841484
687713
172865
852954
872565
410224
261129
244967
737788
145177
283711
171153
508778
244000
869263
281458
822786
244881
766583
75546
698976
430417
218560
949886
358694
704209
586138
684460
854602
264314
9401
461076
279805
646341
153108
283989
805289
800214
306766
998945
740148
742987
378482
784400
203802
491007
978910
2713
665223
411233
808356
641929
59928
536918
489547
895787
324395
834824
677233
850164
552423
276507
160435
948605
857276
289381
248134
184500
26036
517621
956011
90262
450334
489454
84503
906515
944056
610965
565827
711739
864282
967105
225756
167543
982040
312003
711215
167182
720974
492931
380665
886261
978365
113148
89657
873478
182027
933542
280139
137798
448538
364437
936373
566279
883085
213794
518989
630880
982115
22485
968665
301334
77858
733015
156861
391950
737623
723726
743128
843124
48404
408218
925164
579840
929301
723028
478222
901134
47361
871211
677982
963016
116031
687112
694837
101675
231148
861629
716296
690386
133350
967690
760374
317173
747812
357869
374040
979076
843894
891769
469788
820054
305413
386200
633778
836684
543023
312253
509868
825111
350584
901435
954289
494992
184117
837053
6181
620980
548781
886720
35846
117588
84403
444502
486327
3214
548986
904539
57000
762065
328416
773605
239502
850711
689661
483896
407560
562815
940291
759665
355501
33790
105219
409643
861792
299101
767750
245758
470646
408623
948619
88901
745084
740331
524479
733051
629033
740679
360109
754063
933111
550508
781989
334490
401680
957153
867594
465964
14546
839338
320130
426387
17044
625913
824222
749316
523229
460789
225185
875833
628114
475392
196058
101746
855640
883004
63151
770300
79697
91845
40847
193999
724664
711232
461397
725255
505968
431704
790674
78669
231794
236006
179381
144504
679229
552197
744747
371201
208185
565881
943979
592200
616232
731100
316206
16299
679734
335271
840749
943248
887961
790208
226579
643304
316640
157205
976980
332983
600979
470127
697647
694185
813734
356420
128788
95462
265870
979434
955412
503251
280732
434644
464326
24432
880380
107403
210485
679147
841580
668505
665151
594744
446397
409055
421042
202904
312632
250552
742623
72518
79602
237837
846636
746156
180253
712128
22637
67025
896493
993232
110105
16946
328702
545436
913136
299954
186054
382112
672515
549924
999140
17858
252177
950256
776877
273349
226878
164130
704118
404107
334226
962700
90093
968134
473193
196031
965591
645688
441390
777593
794117
3523
932256
199038
577327
828273
542198
347836
606371
561216
418704
700145
892144
447586
665827
989805
15599
982762
247877
174943
321338
525656
164879
322994
363723
305733
991913
309331
394357
401600
847137
65096
599959
770705
314020
888798
536007
940836
750025
123625
618737
224630
369491
293315
425216
893842
630114
43580
525545
258850
884030
2774
299651
46212
706371
839722
76362
194452
310473
320185
247197
626623
112440
722687
433432
490455
76436
840554
760669
88187
302098
801868
742515
559662
678228
241098
968049
954456
578947
993017
143327
915723
438553
583544
983849
176377
786607
652857
384042
668395
484901
667205
520158
853772
552771
493133
402217
231592
410599
609831
579413
14868
853644
416365
581297
773723
287133
882931
75921
906746
248129
442362
3664
657523
338120
55715
158441
57241
616320
359215
945241
337115
193408
376500
907227
296747
730704
709819
86768
588290
501523
820510
786767
567258
605671
11883
709906
874351
148191
992757
981808
861121
840535
940544
203570
939335
512853
497119
137349
738792
71961
271668
762439
638214
77391
647273
411086
873809
883703
649521
982375
831253
129889
549053
473889
705454
854149
556462
803530
450990
898381
653028
319138
706388
709085
413325
179518
818339
432723
570858
311876
467006
980098
461659
472017
495069
574616
255441
619858
258191
855301
905548
502671
961587
121819
856309
750462
634950
763977
955006
242413
912362
832375
691677
845707
188736
112092
66372
823412
229332
665845
997720
174392
55095
375810
891177
84287
735419
394082
98600
180538
514232
251813
363621
142496
607257
757798
155366
302873
59898
819071
966154
1979
229166
980652
907764
833504
662044
377176
121605
150118
390406
713457
916833
861724
638774
22352
670913
474961
91623
204386
591780
458340
439424
678665
564745
285806
132270
235530
940677
726195
902767
836022
178915
527369
92645
695994
595249
217331
485754
707506
151500
382137
947553
930260
715674
701650
412629
185064
213166
574373
44562
110295
330666
527290
413577
687869
292417
227656
118792
119210
105261
673387
40956
42100
62116
109250
12840
371894
259336
831641
744686
584153
679764
847001
146301
787562
245342
222114
296900
975658
291837
471899
371346
187843
51556
72756
885367
183674
207809
426953
325985
985425
710013
170828
405368
926687
997607
572924
274933
18698
842681
643954
431981
257351
310727
48002
66086
872662
954333
453606
257122
571304
130703
959402
770689
865756
563370
782377
649566
458742
257986
3518
154368
741320
463968
269667
621865
285251
982131
57996
137338
800355
278733
422844
338976
283465
740982
168843
538306
242038
70866
589980
468436
95507
496269
290963
786399
466662
726363
37316
358873
280449
393961
146583
98269
575947
225240
246407
650017
979076
390680
950542
782802
718530
681366
443529
630232
77951
928926
37766
394356
277083
127392
714247
918685
531298
88817
125990
389189
53087
974204
795867
414429
841747
541441
314089
68899
350619
645099
287119
562696
899842
317071
514688
236886
610819
252709
877635
247480
849539
777599
952181
306942
120719
335925
329906
755564
218974
154832
423357
553987
210406
354043
962978
194307
574029
517334
170452
775768
872087
816298
644012
418162
466538
155885
898904
893040
350230
270904
204895
109336
702907
514881
546127
237259
919982
79794
427473
68622
819243
793039
851835
919475
5680
262802
630429
646610
766614
189225
119884
398308
14589
140196
206630
336428
583052
910526
741600
814319
347408
132979
811812
548347
403597
232507
795852
418560
105921
399024
726333
745196
425100
794185
903304
394607
344204
364910
214194
675020
537947
827331
289821
314521
709072
181610
779273
919285
509246
273449
419615
495136
699379
498281
341691
963731
677491
481783
717196
306711
871448
44581
941239
768741
536350
472006
94078
979582
176185
714254
418555
817925
155147
201306
35040
843205
534432
702104
357538
41157
133090
780206
781644
357067
374272
780336
609870
669436
11992
766428
800925
369641
806007
240770
899239
365657
1083
133760
933237
973218
569365
674683
219177
845362
529538
212100
588081
700239
394141
195541
650159
397715
867127
657416
915280
374746
479188
356039
487314
262509
159579
584420
558393
174453
503849
396230
826938
272688
16599
425864
512551
16561
191382
377268
209583
124392
328084
926729
354753
45564
273947
727005
791626
208875
812905
765720
526785
634229
578040
836000
871341
769604
77707
822510
557137
889524
103703
859113
575139
766604
76254
326854
729891
416091
503400
676504
691179
768545
932943
451045
637903
273461
947752
878258
195341
949658
598223
488183
172373
234680
928491
570849
160733
410033
106738
446581
733484
203562
250380
686700
503537
112235
254823
388229
385499
969534
329111
232680
967943
577084
309441
405108
940034
51304
359469
742803
531415
100333
675507
772243
782122
433851
548547
635853
988912
437783
479105
537906
614512
364789
776140
341321
246975
573185
885813
671023
997513
821034
878401
201450
656958
183426
213203
186284
367137
632626
813555
742784
423112
221891
835427
636312
743766
990490
423282
33076
887964
329343
690954
412135
287346
204045
872404
996148
10254
523019
550465
17952
60307
118096
815560
871588
483130
854296
576951
552215
360210
130879
119601
825937
217922
23071
576072
858584
565876
532044
413616
847947
938417
485863
109881
802928
90949
530461
81468
431186
747587
813814
257128
679504
463061
139278
130078
26799
927703
258370
906528
880635
636173
86135
983185
220086
296325
784687
70922
679555
572445
699872
830762
845096
708821
619468
405891
543119
292876
197241
354083
838394
330337
898639
91995
420392
52843
526701
272844
680724
696335
372608
828300
394762
796062
942579
101127
641478
536875
401138
50741
172927
256757
566862
782452
233622
958614
746756
534524
121039
532256
402202
669972
382506
303764
478472
409181
792796
921817
27467
637601
277051
113543
917870
779631
256373
117099
167458
434919
836896
210178
557933
461590
884694
562885
652942
339524
204404
699665
568814
877852
275213
498387
551828
671137
521483
348677
876941
304971
774409
825398
650215
853977
584622
581169
172356
345393
658237
713457
358901
523381
941671
51534
166639
14583
971531
220182
968921
193391
634817
106603
985025
656608
954683
394308
534747
701326
963115
850695
51932
697210
466138
519834
491700
911290
214007
414896
660311
51701
991980
310181
814622
903466
641769
48967
661068
491418
607550
769959
413382
53562
512513
740019
536125
504108
673784
39144
239189
990614
312884
728083
148222
81541
170902
192171
966017
576664
198323
86495
377430
348957
183512
218824
229003
799052
864413
118963
991404
800235
935671
744849
266458
649291
813331
787509
201415
175286
118726
342510
500236
185347
436645
484678
603790
241725
65288
874396
601581
650910
26035
916983
888961
639338
941993
888086
986524
101428
932499
732383
112867
802910
224927
505244
837977
166644
534505
318680
253241
473892
613935
956089
736785
356239
359804
9420
779122
176558
282709
929146
292679
858518
891726
696775
113417
611515
744745
321024
330495
579835
106958
321454
742176
264633
266195
797178
168834
936872
811488
755278
934304
552013
261447
680339
262644
4810
265438
924588
254323
89164
987930
360521
58777
169162
231473
746343
457769
187901
792839
380281
251478
895763
876843
882231
323919
11413
205320
152862
268188
148679
962720
68779
12493
613128
643572
525948
370075
637531
810099
66441
741788
958809
761747
950960
486698
12890
72447
634699
572009
987432
244810
607438
299691
516973
538814
593903
277596
377828
464717
833251
78901
656631
749011
623105
364269
943657
985369
317149
428312
66660
553211
395659
222418
235991
845174
202780
34721
537891
405784
462656
904050
603815
396806
30751
175065
161266
354169
387801
464566
734502
123359
736381
552896
606098
558056
752661
637235
985106
982953
94311
62762
168356
402812
526855
633855
162939
786434
93857
66421
693411
300383
721042
61304
244279
915876
951206
600521
311623
293539
739822
265799
414055
719461
415090
148263
282348
217775
281272
332584
739497
307677
998158
197647
207190
366644
308676
838911
186847
196984
602033
59871
877630
176765
551737
894393
604266
785681
458706
738838
173008
138412
67763
382280
939238
801944
392713
277729
993013
46776
227000
410075
116226
445653
755385
293994
253348
195237
978649
392477
663911
926822
21289
758726
517189
227547
491864
474596
36101
167256
689069
450604
3839
200672
973463
480238
493927
502096
588720
213371
765394
728271
846932
834560
662439
6111
63187
450582
167592
343952
194752
39002
213868
929758
999340
113612
249703
11150
766300
854619
218346
425513
626500
724639
833308
220320
538225
596143
257179
863473
4486
436382
132046
816773
889232
816024
120490
913308
933038
84098
690893
296627
630460
476706
807540
218625
234839
664519
959906
117325
711133
167428
305279
575990
342287
939497
921239
478450
206722
905586
514844
679603
93388
424606
41036
607187
66778
216676
180864
829008
190000
681303
860164
723277
253976
388722
799519
294601
277645
927595
700260
649511
105018
877365
454914
487642
343669
619874
578254
706171
389799
41412
607189
583582
985449
246069
852436
766072
955239
214727
164151
834615
806381
270737
760330
800671
88445
596317
98714
205054
683183
914375
492657
980495
715476
701352
452551
917782
436680
750633
918039
312071
672606
47165
955770
675244
196220
876500
611939
171615
948768
464053
327079
942413
73129
494765
996469
224711
594744
167629
998635
908057
331043
589416
688359
723345
472762
835730
4864
324243
139745
540333
19388
535807
385112
550756
334922
842032
160594
187403
669433
928273
295470
127168
698673
353541
600614
436503
704407
956651
776037
36508
1664
905716
389624
939710
257214
734766
13256
74514
918180
238699
108046
181740
20624
176978
311616
553971
595660
31843
522900
276530
487798
396805
284579
618000
525641
689936
736975
851185
863240
566867
750471
783026
55443
685311
958067
970582
712225
638697
532093
317840
739864
151505
473725
996073
67798
280069
782496
343865
22847
967368
71606
30444
355212
920828
531388
346688
152053
666475
309781
294036
291711
995806
629278
89757
868283
126931
751224
329909
167702
696140
654853
298455
843540
958712
991596
302586
518792
659597
724208
981589
211938
843918
880095
472230
882274
226595
240227
711029
803051
579924
133607
257018
49414
774090
408377
980029
388821
271818
149901
796612
772787
620006
946848
242356
644444
784020
392933
634216
910907
969759
823532
436317
294070
958155
616369
33657
295128
883857
185373
318717
820094
250789
112419
462446
421712
848620
930882
272263
999627
666777
449374
100813
9725
538389
560396
571685
705167
586173
440430
277704
948718
442080
358960
667819
717932
716668
438027
345331
233277
28887
10867
676025
166791
377390
966451
951083
767876
10402
963250
84891
424926
784203
615167
185507
764751
602470
203885
774676
761261
426864
532634
73670
119956
603985
253003
645752
575302
412169
584828
105030
716692
383086
572950
594498
478512
608137
311212
906189
433962
126981
738313
926336
353501
491084
340848
275662
678064
369640
984280
3218
442842
588495
347256
171935
467827
56103
295810
904565
487671
330564
76841
212526
282516
232443
845470
946716
676299
347393
200944
230649
16993
228160
472586
553945
728533
351791
357781
957636
98832
421755
411526
374763
68289
470858
20538
990774
941795
167240
658748
961597
628932
249054
555517
898227
40769
234439
147273
154911
11673
560449
780477
631794
971286
431085
300326
330051
37813
620692
189109
135820
774689
127656
376717
366750
506003
135762
284613
391933
991500
464005
600831
253549
153071
833014
138310
142482
810991
72871
825076
101640
259381
119945
662637
738411
433407
668778
706054
479324
241190
979521
895714
213610
372644
534155
584616
308417
217800
44136
701258
175874
763190
85143
479726
844473
954235
439529
656161
745866
474775
508103
770510
798718
458410
648444
80641
168055
847646
825993
513776
647340
166161
397196
695992
604007
15386
243598
422508
548203
510475
460268
853423
887376
863295
884553
65044
757929
362164
491845
959446
636195
963329
849345
69829
483764
409426
49989
504373
934774
660825
324619
637529
903309
967618
894068
775249
225052
737299
729518
19949
483708
356329
261612
599803
127272
415226
798554
138839
755226
308857
389581
968382
943492
347210
64757
351931
209013
755945
541914
259865
380935
287227
168376
588384
153289
923227
820508
202471
550010
370959
975348
492833
492013
764963
145609
380365
683289
419333
373905
885602
852235
453095
913596
846934
900208
862641
367628
373543
170332
937154
130672
84734
547247
15172
278853
684285
169520
222418
145915
460086
123997
242506
651237
719825
57748
808961
145153
929110
389148
125180
62977
905309
382954
80333
572368
791276
187727
153187
711460
609878
196181
545428
819044
436949
170192
551127
462883
252977
76781
62996
73146
155874
766327
348007
195842
655659
409635
783993
175107
854605
111255
746644
974033
170774
325582
414896
907377
15170
280456
797302
106034
555129
404606
379189
314860
944298
52370
298528
387619
835415
8030
630244
383626
602836
379605
560863
830880
322280
763356
913032
385284
197171
506760
135157
500725
904407
631853
369132
935022
19367
649725
440573
867253
15004
932231
408423
888835
374049
327099
946837
836687
464386
286784
762638
144643
728885
219686
921052
300788
178067
885329
891332
215338
346605
589228
916939
943214
868649
184719
956097
757603
431809
513524
638731
629151
870198
233720
181795
636756
676552
860587
937144
360429
554959
628093
800505
995223
924098
615532
84626
157268
111341
172033
236267
523323
738430
8485
28005
986251
67246
689982
388593
812042
972935
472221
633744
86118
129482
567413
661589
676429
616245
6822
800882
325491
585624
540428
937209
820009
148608
904423
715717
98415
821964
582236
998542
749465
921830
716584
898526
186792
109941
934735
411782
114384
166047
931902
823052
998267
114839
302388
92122
406145
859383
840227
351463
29178
333963
695449
973983
814596
615114
597419
785768
122313
878742
523394
41850
176380
782249
391894
764203
940358
353225
967346
236582
458246
366815
636428
9868
583612
257872
942648
497981
216580
922766
361015
250777
326136
195539
342321
345663
714800
676872
299154
526427
381599
917137
742999
760430
774054
26624
332804
865604
381449
825823
852151
946067
767006
942396
942957
109031
986027
196974
716336
119827
371538
433265
162000
967991
596637
724833
857370
146857
694509
175114
114460
23415
909668
889834
263984
389636
82077
240961
74202
958673
389395
508987
198062
658054
567753
937689
206330
613072
34241
392654
806083
838839
624602
426810
958324
906525
521029
367883
675480
936996
87615
253855
43307
76245
275679
997766
709925
68579
233929
739720
12670
904702
454910
127234
169750
967338
191359
554714
910670
958779
678868
952615
24475
922437
626978
380286
356774
697242
909893
960439
15764
980820
58006
437551
694857
338877
374085
39265
996533
566697
510317
241028
537435
876531
581602
864402
902410
760080
918387
859232
101642
992084
390851
698741
595977
37114
166459
254822
205307
413826
405559
196442
908834
183183
950379
511030
889459
990850
461344
608893
728750
691343
476161
470620
164410
351727
302476
186176
792220
870935
859031
261491
226966
941443
459333
43497
885890
435722
742936
277836
801629
659905
768907
535036
361857
503090
815811
281512
469579
326529
3077
410172
559751
960462
96660
113042
74636
265478
543210
558926
688641
299023
571198
102681
753085
293995
65994
883763
238192
735612
823849
439190
483802
859382
554581
313228
485686
757129
593373
217009
743478
687032
54559
615845
584395
59532
951058
449588
267991
625560
104089
443290
18558
652405
148495
231797
673561
183349
148067
517795
854406
106001
209968
48141
3348
611731
655783
905113
531218
283283
769269
354801
234057
451114
189194
459917
862554
552160
762503
124938
414269
35760
723561
68010
836878
899229
6104
553370
148640
613335
104825
156686
695258
163147
683538
464727
141573
759890
585251
122343
483518
580627
355037
25606
589699
990720
284901
882396
740020
921639
627774
908610
450798
379490
362225
121108
718600
114318
773931
892788
829180
246151
829726
141041
720255
989491
630585
711956
184338
675911
529158
130171
945736
684556
346726
157077
139640
747377
749627
551447
733502
752268
683564
360857
556808
597921
94468
114738
847853
511892
779188
569545
522727
71929
235374
740803
688753
714366
17650
250821
33489
958373
339144
946943
494810
823347
454477
10978
225872
633835
683117
398568
345430
770528
196228
126400
86471
412011
605985
438077
815513
878709
694614
97095
39921
20970
586193
442161
266831
655144
707901
259861
225311
371372
668455
537519
719014
190749
621732
939865
488763
707477
961836
147220
81326
930938
316818
371421
963465
846879
181540
374364
26246
533494
79217
401024
537648
75528
674721
33371
628850
75512
913850
51586
523916
477979
622421
413627
147954
735440
523483
573820
569945
328267
305944
621039
897362
423062
386513
225525
448852
109795
259181
579537
626695
759486
625487
834843
993376
569422
961233
431702
726029
873510
574475
183199
413200
654748
400161
384306
127982
142390
303859
540384
691835
390827
902639
597383
520648
925465
30529
114179
965008
501702
728301
459654
52442
944213
496955
749166
323320
519822
789828
908024
541429
964898
295057
324249
681525
288641
467044
357735
454322
74449
159561
938455
962443
355232
832946
511809
662941
577597
399019
916940
48264
393524
665543
366816
177875
227095
842596
100754
420023
420786
209625
763796
762329
398729
42755
39382
343294
32492
247585
980758
970927
583458
546591
519344
859948
988187
909347
946286
662528
991484
773990
799694
995195
155577
297207
259734
612195
968914
969992
715044
762703
412027
295825
305850
100817
834133
572700
665189
711136
870453
947438
774266
584504
896146
891899
119922
716337
804890
820509
380110
607272
985417
991250
374908
131460
573102
383601
673154
708592
85571
738007
868598
25641
744916
679948
244215
790064
233348
778581
65513
132156
286524
383665
810387
487321
234512
453060
42040
522137
521854
637046
653141
968035
459253
595752
114427
846230
556104
41621
412126
834350
905421
502269
349636
807769
881355
518404
499141
808160
224782
276736
835898
801365
566034
846413
350460
676647
807981
666008
268314
332548
683054
619552
397473
680688
275343
555667
924423
576017
707859
133486
454663
326301
876403
237692
888086
839996
188778
938580
43000
818913
142648
882983
436759
116201
382341
267190
23680
945169
627508
458870
325842
434752
551813
323210
341115
896059
221567
533480
564486
749282
111297
215377
956010
208860
205733
542398
195810
417530
619675
738636
279496
755504
116889
628958
245383
467609
557387
387096
299847
601942
972740
272875
410539
543511
817283
885336
733967
788030
236751
437275
255694
388061
15272
52513
156692
737714
184367
510195
241046
112451
386936
155213
536004
695340
563365
422628
318929
819215
673786
189039
849772
258727
189993
508912
38292
194608
647763
475393
970699
239346
858396
153673
761100
206562
958599
618904
90685
828854
647743
146594
327052
923695
155013
361062
369375
180312
342979
467867
435516
266841
675979
739971
423540
224590
926746
56038
987354
228404
493620
964157
945790
414875
544048
276599
803044
159656
587635
870975
423173
198208
330638
758369
766774
837109
529238
247380
517268
583597
905196
390979
334783
184954
264941
402692
970597
410753
533800
753646
356486
84438
315723
219438
825649
938167
95876
537127
535239
89654
196500
503486
12745
792822
242211
149342
439369
391418
288311
378807
942414
291408
252557
729124
124120
358446
453154
601631
390397
438960
626975
504851
480711
45271
633953
595435
824562
297870
761991
732013
8704
369720
811355
113895
360151
539087
286115
236559
230437
761535
945788
801046
79723
159106
446848
214758
962364
42317
56721
462700
322112
52825
326034
324238
660867
139420
992124
52817
314177
111704
209106
610696
533805
870279
124664
20030
56843
360679
208382
567688
13736
965354
883697
547514
849246
943476
969326
555245
883615
758325
163282
386414
648394
110317
644897
631439
24670
223189
230460
359002
754327
744116
452538
436590
109448
292686
339479
650883
496281
413919
206845
443077
98063
238226
626196
149252
448509
36668
521468
920819
754603
867653
686869
422941
594926
470968
155344
376014
262563
581849
253095
550950
417659
31886
636236
626244
161182
915008
139445
380123
9302
768548
594741
487036
547318
759308
953791
575883
539876
193587
609117
888114
914142
980111
521610
587581
694439
979997
395525
887224
520652
116732
520116
438803
429191
679863
880119
760110
283683
841779
475994
670667
981916
453495
540075
786642
870359
735200
489210
481577
351183
357906
140571
821850
983325
467671
864993
106788
923101
699840
628389
402704
850291
265318
46131
564065
705143
814460
131654
66099
516035
107937
66033
776936
530675
94167
147385
7314
24283
857845
560438
383911
285657
421420
55760
597439
376382
246816
958985
825806
875554
604053
825499
546406
375891
248551
655985
934593
844190
937061
933669
643856
897491
730129
991889
413292
694898
899663
981341
536815
331664
185289
50648
252683
348894
77602
608825
477059
585069
490879
410606
983812
346682
248123
485364
434870
894369
98554
459739
194947
826191
223843
554388
886849
568311
868858
582906
688403
679669
766345
842219
834352
448132
323689
7144
725086
685447
601948
152908
207222
431941
47040
351154
501652
159113
393201
525743
944706
255097
547650
102348
340513
140293
883221
714592
343092
118697
4146
30677
218522
600711
598640
538889
998538
367553
441802
892824
869141
436333
847977
364327
539877
716507
480383
678452
247943
212605
294591
718065
709221
121685
83415
330642
498386
885625
597319
913771
61048
918239
882610
37300
533872
961235
245563
575084
288775
546766
519675
703493
519680
344367
148026
925440
651447
518123
169782
85761
849935
644077
164719
999988
289029
980069
398447
124823
807339
193479
912778
448584
791420
315013
130234
14460
108998
894394
26488
648207
321944
754728
354614
371414
684370
34130
866885
195948
3132
125564
153004
736572
181560
766258
499243
735772
918929
394837
260755
664723
162721
961317
725653
888169
996296
353240
230471
767618
84279
893268
879541
438257
74692
490026
122574
866424
346615
352986
718202
473450
832586
426472
461810
292819
158952
163039
703566
482992
924412
966729
758586
474677
294370
715388
437360
529516
140128
65231
111744
522404
845071
796349
888888
226894
202001
609547
441115
519297
89699
472204
777137
807372
980608
864008
216477
371685
228122
468986
953084
881683
246887
299588
253941
544427
389388
226309
242781
682025
802988
923349
937115
751323
920880
92080
86162
475357
500264
567488
819583
164287
207030
754622
962340
94043
42008
28801
643461
777356
388142
390151
240518
534635
408018
710922
217484
334253
838556
281261
169972
846791
587450
740530
615950
529289
266376
515271
418848
600966
172724
673383
935732
157505
493644
152976
632226
321409
533232
920466
523449
961550
476023
20104
376939
941068
404343
363654
970317
852370
496933
182395
941439
683019
883197
139469
819983
976035
682766
298410
716843
902420
790790
93233
735997
860581
524987
613020
50564
683645
632129
39560
561318
435162
580759
483129
468143
231917
688769
425659
932274
365358
962049
488116
806399
98495
214787
446660
392475
539801
415786
916503
333816
581380
643613
317150
936749
852506
491781
234101
878672
654681
170873
628265
735836
997868
465083
30892
795719
549866
943321
196812
959764
399998
369301
912186
569916
879214
917657
533883
917239
102619
77784
688639
255189
957438
112382
588944
815946
716743
443715
360482
75188
231558
319308
592420
680267
951708
515083
233701
600065
711721
56610
476406
699860
43578
635859
946448
985187
314686
821449
375186
112200
449239
638046
387261
890493
817819
52800
153902
431564
906073
511289
1145
211009
192612
343670
261475
682381
468829
272617
526971
282568
30315
236473
661951
349288
885451
677173
91841
917965
834788
689752
851861
385007
250770
671908
956492
637094
469972
686140
8239
268321
949254
21855
845501
394448
9632
96303
251693
505415
250925
274174
71129
909972
9105
312367
242236
936153
194380
554734
566058
765095
433037
562173
669334
804374
999171
899309
177568
511152
386720
261655
838457
63001
27343
272787
834555
84578
766962
157560
146761
730430
976192
789647
655342
674867
90042
500394
170124
703314
707748
721279
974950
842343
267799
811176
651533
429935
482626
170336
553786
880009
733427
236435
348884
534158
677150
479525
992347
980975
449726
909235
660094
39270
733704
665398
416335
579687
677560
328803
640300
319007
462644
948592
292061
610214
503759
204093
425321
692098
695916
453809
446527
990696
654020
227620
853908
437207
714919
1838
209899
113102
386188
607419
921996
738635
927096
537185
618553
396955
915604
804353
698703
331401
57535
402205
843112
423304
11833
856282
980381
445788
263420
677899
651890
861185
672898
983993
546571
835123
784740
722729
396938
705701
505885
302192
664450
641009
805684
789461
123828
952361
579139
287452
566629
528107
684696
178787
345130
630885
436415
153594
867913
543441
712350
147985
3944
130353
420900
28278
818440
228622
332142
234783
253564
113028
890694
204350
220821
89579
667990
172566
277380
219021
368614
204225
268780
37036
724458
260752
949671
78049
785361
838684
180189
103954
269498
713239
628146
904786
601012
461433
827796
143238
607284
151966
417373
95997
634919
750090
532376
251118
804471
162529
914368
389852
639530
530148
904121
413374
838077
271477
285579
974626
327530
468723
543024
362553
810499
49594
511082
771074
681032
91301
293336
753173
585437
508228
207540
746446
763363
924427
816952
72436
864074
22885
596579
522489
426227
163476
213476
622586
872979
223555
988068
745301
758168
743472
738052
648710
467532
255837
59927
722704
117172
362443
485876
440159
417050
479531
351446
927686
996914
564726
6074
744541
387038
126703
737854
307148
837645
633442
2583
75914
158129
132312
197835
402681
570093
989091
121261
20250
481674
422441
613716
732475
591980
52513
542684
20756
53915
47941
465452
178099
572563
13668
91785
89973
700617
533951
175273
471629
41421
856973
712911
722058
476019
579344
46335
718906
703439
135405
873837
806740
303636
606401
243960
461394
117510
36931
319253
851346
630281
456209
529477
550074
287980
557387
266641
345631
154785
557750
889861
639437
443164
854595
815235
184834
553256
456614
394404
429453
136071
468581
115071
922549
930872
434410
859400
647391
719467
974736
627245
962642
704610
18157
553323
514699
406124
651447
863465
419650
465799
719973
231218
427216
374160
20227
765533
777080
371432
30868
230138
686137
713117
518221
898655
614853
464283
654762
937555
127972
526822
386823
311766
315192
74119
269035
789716
526016
158425
807588
204200
250485
348985
114985
61730
793917
62594
622981
302032
100089
152436
737063
878526
65467
766696
234484
479941
333107
468699
708646
941906
767931
255413
912534
845982
882736
730658
165020
985379
568869
862683
409673
369861
763610
841716
885193
917180
773234
826714
229314
687745
731440
536816
322546
187990
658679
251152
867794
660074
571420
363324
320360
733090
221187
842951
142848
467653
378970
899483
186002
598673
818557
785767
153661
254622
649508
773505
374055
366538
127610
267681
810769
488211
722724
953010
813968
267446
991775
842618
71698
884708
721869
988530
332453
464916
198384
877660
899963
896565
834525
486802
218175
174874
688897
389345
696971
338677
789711
318187
73211
765289
926458
105040
898832
705913
263167
859633
1998
96569
471088
259197
592876
790169
105205
814078
960487
29465
760956
445310
603413
968810
224113
874926
642764
431210
767058
482514
259509
963365
10430
230165
483877
140687
699123
456082
797241
696803
576672
903317
878116
653298
903521
974560
471062
311470
488583
409240
880508
518025
369777
559635
296187
689459
338069
222080
332750
969839
278670
738466
69199
956070
342970
895857
844321
131076
610776
55297
418183
281581
952773
342200
471115
26458
674481
644147
542745
11535
222629
884029
367049
160567
528713
967702
545103
795738
586000
648232
95254
53443
760548
942976
719945
892635
980798
671141
537664
697228
883227
546596
579849
440805
154733
15669
815579
280320
476118
209015
298368
686338
138741
24693
29918
848237
737174
426576
447619
382935
653977
777814
887683
478216
20714
236671
82486
695138
550595
615171
549700
168604
60947
551609
541448
521107
450864
980634
921899
745924
338145
437606
248548
531845
822560
384790
956862
722707
688395
73629
933847
174271
632373
877564
253783
188891
758442
748577
544260
732485
519930
467018
24023
91461
644519
982292
551038
674726
806942
432722
3448
207259
108309
49101
883853
198012
636322
306886
405484
226059
419632
955254
506756
556277
309442
559528
431169
987115
922008
814407
115190
129703
93168
978025
695951
306546
830031
550525
721205
450030
190738
566029
732523
132929
561010
596380
563139
4300
757085
196273
484627
556372
175016
176176
42140
878069
983783
703334
31438
343683
503338
124947
691449
1612
465215
807436
372962
507744
657726
827297
19811
783668
8156
860965
592915
63891
514014
174012
152529
854050
583382
67071
724875
343421
472252
299101
547255
239226
651262
27172
363057
194079
157984
713687
454592
624670
598776
200180
992057
833201
26311
244792
384084
197379
497936
366923
411558
69528
190259
360944
896991
482005
52394
152364
847404
423608
154888
931770
38184
545176
730560
974276
726299
324137
529191
569113
314112
988400
658820
44220
30923
204199
128173
651677
681493
228634
4677
705665
68828
768891
660678
538962
46558
42367
754274
352352
493461
879497
122938
254212
61616
980301
323708
284830
719577
838587
697605
933219
246490
440028
563485
92787
144990
832578
524172
499745
301319
25748
471277
392709
152835
5519
307364
701819
677150
789232
341361
226814
943005
118236
647998
524761
348484
739102
404084
777669
268468
5216
802780
976452
552643
634808
907535
839555
550343
75885
639897
294606
479916
868062
924396
60615
74168
232772
307749
115475
933049
76220
51515
12458
220394
996708
712545
129405
614085
185681
501643
54354
472531
423494
246079
897579
204661
7217
947744
717802
835582
387121
656364
924825
106434
931546
244452
987418
946194
54377
860754
91978
493058
831413
375495
772405
405824
36032
107117
194321
412205
788904
502292
661903
539266
319848
495709
171930
432656
180238
387611
279396
898264
873699
997081
385019
143251
958503
210979
459947
110143
236132
390959
902796
141820
580224
6203
230581
5365
377447
481157
797135
322143
518293
427938
191927
162277
93078
504850
697569
163723
22850
658380
976693
340035
599650
279094
77387
417400
17958
702474
172598
431880
572117
233247
600107
18231
332880
383176
22826
750193
268125
196458
689771
751426
423646
154877
369168
578531
998637
590580
733393
719289
410901
671324
2157
60120
607252
572774
604076
308742
457191
20318
863286
48780
339964
758842
423973
908315
173299
686264
8257
154607
214059
822236
245623
499262
368506
851899
441391
304810
305123
199863
743953
64600
121575
959541
1779
3769
103314
165146
429868
131
267320
190923
702648
666526
699771
675998
515478
131047
389646
754217
804023
1178
34430
776121
10593
986593
481825
747410
347088
525867
125743
493643
655516
900966
713423
162354
334953
266584
298732
668850
715569
255634
344930
344043
576753
951686
572055
346279
920710
944884
801131
51761
928734
930148
713447
449387
719947
138754
965584
644545
472242
277235
339977
707619
801052
690404
787817
773028
280457
54913
141105
980271
91028
124099
934985
491764
998911
219687
472444
894398
281590
86946
667863
906311
279822
381628
388240
355019
151171
343510
177781
389840
78410
347926
195645
158962
629112
854888
73947
873548
578924
213779
841146
405611
432401
620521
86016
204569
994732
816897
897737
375027
109383
434301
450002
880478
974358
318783
448087
545081
198011
38927
761463
975902
179175
788290
39502
8558
293593
288977
632181
238913
403242
459941
182884
901983
154513
402248
988576
760301
517095
719970
187024
529225
737679
268320
735568
687363
842517
882951
447528
928839
201431
713487
31787
605718
288237
325062
198442
492960
294980
180907
590969
572904
319384
323054
195664
265522
472821
892181
397385
510322
243355
953274
329575
912751
919693
28884
44369
408704
460325
773883
90230
71267
442488
556973
738749
708598
334559
923858
505425
374004
27569
260567
789230
391430
932750
990667
819976
211348
905565
441132
398935
347166
400189
959095
451371
171534
200958
799749
262779
874454
297529
466866
752994
286634
365081
682722
293529
907044
596068
459200
509989
883005
426913
757996
683977
118297
640625
17327
777486
815640
81843
25718
650914
573262
107117
427217
838915
605080
176283
731318
253338
435211
66228
551803
656741
202466
848369
570589
158941
36900
738936
872030
876776
581293
325414
399032
906767
315663
566894
265065
352183
199763
986569
492897
186209
16256
786115
731078
774843
951168
775709
470392
651907
326184
101165
731453
56000
603836
361104
692202
124589
929683
666104
922421
694040
421610
437830
331682
924692
717711
687894
235836
591560
845911
410935
737184
978007
48081
165048
29547
205307
365300
353204
337090
553307
273172
223038
22733
99037
242789
686087
742298
181611
493829
662412
704379
297641
65920
46401
844869
226875
820611
312596
44120
260602
826117
937468
356597
219087
63500
440604
206781
985219
542132
31567
237012
866142
250030
470967
750405
807088
54485
912175
178733
981235
262324
342874
972482
433017
453295
812601
192264
808484
864305
522413
283371
18167
613984
718061
939232
564816
37677
530981
166993
719057
188739
191228
49166
345498
76686
140573
125087
80587
286607
32594
692156
569684
91013
964316
435601
13108
587146
169205
194378
663493
574174
327401
721512
232884
950039
23834
962620
761534
578787
459749
90091
656948
481961
229626
21189
997652
893300
162759
202621
17601
872180
457686
569541
832890
658393
828714
575899
304792
856307
245792
541994
906524
339192
975046
421121
87134
991060
83270
95505
333380
108474
126196
854004
78780
864326
992867
557891
392735
197442
997904
370679
392414
30493
206209
828019
887673
184766
997397
176810
972586
629081
573456
27404
176878
448115
587685
857350
24280
588516
703628
959728
188748
433473
932809
228009
489103
57263
296833
473180
967742
7250
946013
280881
869157
605343
548977
241819
501990
573271
108943
653617
741543
280761
864810
895828
168749
191176
868190
196134
774098
619705
889978
862701
681780
705982
317989
80203
708723
301830
408262
227142
13257
878920
708228
498150
775747
914834
608462
584804
852429
560604
147916
617611
558452
62718
142922
593845
166887
970979
486708
59275
123775
294884
719808
790694
216757
310422
853777
78745
776347
906517
729452
438742
233668
998326
802168
595274
936814
670838
217497
169246
757521
609735
543155
719698
80008
216391
304486
550721
709788
66328
812939
743973
364711
328604
42247
523157
629871
923110
572218
262861
188432
977692
870020
519633
839113
943580
690979
119389
782272
821909
608447
837287
267039
403249
621200
749381
29998
131502
104296
296696
305751
371876
776008
345373
768257
145900
385730
409475
589170
277239
162250
373098
754577
672021
450849
294124
319096
921481
445932
963196
586594
346553
921168
828477
63160
730203
677732
330162
424978
265052
513105
307230
761177
668428
997372
909014
747652
757254
308666
46381
273029
273437
781685
435353
936771
442940
576498
943653
429388
126021
58171
383288
598012
723280
219675
396166
887839
467760
731168
888555
414429
374344
368123
860634
20588
194628
834961
269059
605329
108173
800979
354631
26187
749056
649490
591725
710794
931655
214373
662007
37140
443445
963625
670426
731344
30349
989688
832124
933226
549377
541054
405186
797373
41069
51941
548709
26107
534101
587200
291358
644193
575503
340427
946940
468701
819132
154469
93924
279326
706313
99476
614995
934256
346878
847963
212187
167416
175685
293602
177296
890831
986308
793031
508924
830765
945577
413352
413653
239402
613046
224545
329697
334106
335570
273446
972927
55529
716493
200262
708193
502006
993210
231353
296538
82528
468787
893109
788014
164279
629535
750890
726573
227724
692449
276738
23219
648419
905130
294419
607821
125102
130088
215678
921680
149965
331473
318192
980020
320548
394758
826261
390600
427477
255023
402676
382214
518996
327561
106146
563280
538155
600645
723537
646928
700581
363477
712294
282080
653690
962649
869242
993959
395695
498287
858933
987449
475363
123008
417653
871806
818145
282122
33029
953255
206855
798868
88425
34733
713306
371410
700668
629191
879750
573419
986023
254509
236128
941410
110533
250048
888746
438791
555042
474477
23459
498373
418392
593359
991823
799273
498029
144998
47862
216837
693036
321914
757257
476739
967514
403003
867508
610644
186687
627249
339464
186743
187254
630330
683192
746590
858469
531202
838071
728434
896132
26429
959646
489849
980051
548544
212645
86340
49997
252533
926320
483374
601186
84118
104358
966087
938106
762020
28503
761849
759200
445678
895647
297939
947295
201694
86124
785756
967211
248659
575960
254423
822738
606933
396008
420908
978051
996047
19515
21674
379057
75421
119738
213237
999650
771146
777289
251637
454579
763784
820139
490734
887993
736820
102643
265186
310874
863784
400454
230312
666072
504166
343054
130634
80390
407806
263552
89845
201522
51698
574726
26075
779034
751570
566982
430879
243286
935509
975333
602245
52310
762435
62809
689358
254053
891534
148334
999743
403120
629374
396079
943063
657665
556735
2398
835849
489824
538940
753111
673351
906239
478888
365395
125567
305670
437512
458235
929245
12577
71046
111670
34939
866442
493450
493690
606249
946492
486306
627394
523910
986418
173829
476576
113481
593741
294467
756675
497618
381076
656705
692334
731395
62693
473041
924327
369145
566469
542577
959835
555613
570531
477265
513721
70194
724724
615669
174940
308427
882028
410742
98099
564972
895915
937530
514942
298035
36540
200292
793458
637657
146465
507728
5254
637654
1083
39548
273477
615582
28721
532019
932456
25154
754724
933773
711482
336159
892080
520262
320503
729355
190121
288077
40050
643536
180043
157731
145869
813491
390982
426596
355981
765908
290702
97305
179907
882939
314297
884768
189029
660368
662317
692471
506521
773906
73727
580528
331391
573129
214144
399161
795358
861077
223072
597451
733934
3447
834650
612732
195782
103141
875271
973822
933698
671139
614502
104886
970152
870674
405688
178611
5601
247111
473203
299342
988661
557926
835868
446870
558690
136698
903185
135559
895983
779768
280678
387037
594109
353500
460173
723442
785457
100135
219272
813486
810119
219388
389399
835501
343770
378668
99420
510424
753292
784410
631541
880743
984073
947022
109913
658014
675032
521137
162071
135196
134629
903828
368355
198330
515017
611427
19086
412997
273128
959151
555640
869027
219592
519238
231571
73756
647874
659272
71959
652091
93911
536036
805024
413489
265622
201257
808042
887917
143632
698109
338873
254339
370592
6396
983934
639183
749002
44689
833918
808074
140420
755638
470823
349309
988002
38139
475963
555656
194556
858862
530825
615267
840653
322788
331423
552196
839728
513623
252964
800921
972588
237925
377235
227859
960786
699099
538779
72446
762728
952577
952567
458482
978547
985205
948803
542376
944924
221283
38021
934595
128606
446778
62143
545521
475879
981578
323469
923578
213311
224741
441799
416921
451938
761246
907036
156554
399470
521775
836567
506549
966118
576394
62968
816608
18119
72767
746623
251956
325115
222217
866996
961456
610923
514512
463043
706381
285906
174948
922823
667430
495238
286824
109145
481759
130440
477371
619462
463179
432735
298263
401765
83198
588532
819915
678030
394686
486123
542264
863235
888829
898451
387992
375624
421784
828339
440003
693538
80505
266917
895678
754362
854003
356025
309255
86936
824474
185234
92904
948145
123409
707763
205141
331879
968904
833602
29089
776186
182490
570810
59282
319321
313066
475697
513943
104802
49637
874915
821432
290475
693659
962966
148980
964996
53722
402204
438569
413769
549910
928974
981236
515353
942792
221779
473627
661351
883534
566286
342830
448986
785560
362108
656793
869586
505569
315547
251276
585694
491718
782211
669261
908273
92870
677694
437568
928578
540898
429938
186464
369161
496274
197013
171356
242921
28557
416400
224539
858789
21230
304408
879181
600431
247615
105147
834222
79903
20040
355737
355647
272035
238078
511963
985109
951730
651583
701416
353568
921081
761504
497395
727840
120412
392552
284462
769520
81385
542910
664879
211351
560762
246228
938659
457553
144645
503028
676963
95497
169303
994597
743220
613427
925720
704416
255456
930821
512362
278661
2762
315422
679453
106922
934926
65167
385630
466741
229375
384201
571936
975371
700999
989693
866971
709399
93655
705134
996111
482224
241381
220478
813903
830624
361181
868431
891435
91198
806514
369345
417863
802214
117817
522374
328114
230430
429420
90741
548823
464506
299912
14922
486169
255561
935726
628233
696409
810793
287208
99439
816243
121716
787840
342309
984492
201255
983613
562245
852208
178854
101540
384421
219047
57707
910160
154866
247447
943974
179396
855880
334190
347534
934090
366316
848622
257337
961240
650240
350151
911914
266258
279098
810766
433139
942493
808721
950277
579193
881755
106621
650241
234859
85370
384905
738598
227717
32128
871237
676972
65787
133276
342684
447823
935157
106066
978940
259966
163606
219316
86678
519128
672749
418253
689948
482247
779454
731930
689955
778378
758933
125319
477888
656880
923015
972246
100528
292381
423373
859867
678568
971075
552771
766101
44710
803820
137525
336190
685999
500160
985800
899395
908953
889364
711658
347449
878109
555780
55417
628799
676670
248736
742391
676365
688671
636202
101343
527216
718308
440414
512016
858180
609201
512318
716346
408695
687708
719578
827591
516391
4191
869474
784902
42794
793838
286124
528935
428168
215949
149012
386437
938636
788453
355059
951940
418387
227449
408898
639498
982520
779129
665287
937637
184125
458252
662199
252733
878435
981630
533277
722750
577278
259946
778560
835605
475956
764390
463003
516536
199007
369214
374348
866718
921644
778706
705509
903415
356111
222010
86726
763401
918863
627478
990450
365551
834317
599495
536510
95371
306263
865371
472508
639951
763134
852728
777996
193387
605800
225396
881636
218155
903790
361274
873671
653147
203762
74580
221141
3000
150389
550042
791226
107559
779845
180926
739271
52661
345988
339530
531986
736226
718458
362912
372701
824547
41896
398404
692748
530969
457812
112210
197443
485378
465637
95933
239803
673729
286973
763428
172344
924358
349396
772233
188260
897179
969659
593908
338634
637622
260158
247818
871236
694043
411304
156708
629987
466888
795711
313624
997971
649236
208103
613620
556923
804339
640885
37442
580612
286547
792574
518636
30576
596101
346757
51358
116236
127502
471024
299467
518073
159385
176707
635107
113840
862508
953911
383344
305102
607569
391271
294569
284885
611829
323322
551839
962377
563817
193302
654486
503029
315934
544092
230026
128767
88767
571764
336971
344814
114873
951970
193106
462791
713467
165154
550792
209548
532242
613340
549285
89830
251324
656951
195264
741727
603538
148226
657489
198417
552197
107309
636038
48155
238762
112531
14294
425505
312924
220164
514349
681760
635530
594944
612419
442155
706431
166162
708555
638054
329852
165796
519786
65291
146047
481738
889545
898176
710399
382803
30411
742611
514578
535611
583293
632339
606612
547053
913943
152518
331858
417368
929836
851802
442428
852973
120556
338471
961950
484891
683898
775909
191475
10661
986906
258369
225763
455591
346847
810142
721651
458935
259572
644206
583681
701236
59079
203076
96073
732597
860999
864521
568161
267194
737679
420852
864828
868397
131818
18891
522699
718667
848309
302644
298806
304224
800573
958192
309796
122717
185954
760059
489865
877685
803828
589223
602631
296284
63260
760331
495051
808536
771847
863351
990374
312878
888178
268131
4438
937154
797880
982029
797264
679305
967735
902590
795164
796568
140827
570697
662439
239660
821395
3589
279142
608097
858625
469860
318374
699188
596490
448500
460983
547969
415112
8476
516107
737803
566461
148819
30271
664921
574722
613289
670114
874458
444546
289203
731227
537213
834106
466108
455931
132333
52475
457476
99955
902642
748409
325620
488468
210737
243717
369433
907207
383161
99202
30459
901800
326173
539386
22573
628950
438885
278469
14654
359868
782631
688507
527031
345753
685970
565106
117091
181271
272975
47284
100781
662961
283589
290826
851713
426184
829270
529277
158279
42989
658637
569825
422635
262954
190828
101260
474337
944895
798676
989192
632488
162505
151415
674565
226093
171412
105209
883272
238592
650489
59650
466548
211480
914944
60643
209512
819017
204775
144619
794065
29319
58443
28189
444214
319100
278957
522995
912102
27495
900130
507160
496567
602769
894875
829484
463629
29123
524984
602068
810767
961559
284152
313224
89252
434382
473521
13585
959031
396731
571988
399808
740572
796401
206874
176643
174596
393838
647634
647402
749562
274757
587346
561503
17855
565261
751544
841792
107569
232419
462645
501211
316123
657432
649783
918794
365197
877485
614837
746089
85305
849906
127751
464031
471800
8959
806081
49928
115357
332898
630688
538521
484663
886239
82744
527348
520617
540942
638068
692697
434697
640330
563285
677718
755203
835856
637256
16454
415398
625031
617711
764666
657084
896358
331726
873376
212132
238910
976899
564342
509476
51628
458524
558404
113275
83919
653942
755733
26981
242382
276642
209360
22101
404551
714407
77309
451440
753543
244399
366812
298199
186867
873386
765282
629645
492586
427014
766399
670724
722121
42005
355868
211565
122382
613800
112645
211101
838791
965944
625334
141421
443401
942210
415767
899714
613255
463267
242712
860307
925770
465707
494560
274071
406991
838374
127116
901423
644583
894300
865451
801365
334900
881819
331493
578051
895182
192334
534577
598433
757363
73721
132600
560030
428114
524759
124341
334836
757218
361913
335135
681856
742454
149861
5785
70376
528011
438403
757377
790903
129814
606439
775743
900447
609170
75167
919104
473379
665972
202575
188936
748621
682211
867466
869669
14800
607991
94150
736054
191858
388607
260931
4547
579422
402674
437973
33672
834821
76
804231
333820
804648
593483
481794
324993
699448
841574
576692
183330
961727
718014
440172
764415
253630
905777
588887
467737
467839
531649
126842
590433
472249
722456
717246
525390
422608
621455
101599
339789
27508
5822
272922
698950
454233
859528
248024
174104
