45
76
131
262
463
528
902
1083
1083
1145
1162
1178
1384
1612
1664
1779
1838
1979
1998
2157
2205
2398
2445
2583
2713
2762
2774
3000
3077
3132
3214
3218
3348
3407
3415
3447
3448
3518
3523
3589
3664
3769
3839
3850
3944
4146
4191
4210
4300
4438
4486
4547
4677
4810
4864
4976
5216
5254
5359
5365
5519
5601
5632
5653
5680
5785
5822
6074
6104
6111
6181
6203
6396
6769
6822
6893
7092
7144
7217
7250
7314
7579
8030
8156
8160
8239
8257
8371
8476
8485
8555
8558
8690
8704
8855
8946
8959
9105
9206
9241
9302
9401
9420
9526
9632
9725
9868
9887
10254
10402
10430
10593
10661
10867
10978
11137
11150
11356
11413
11489
11535
11673
11804
11833
11883
11992
12158
12458
12493
12577
12626
12670
12745
12840
12890
12944
13092
13108
13146
13256
13257
13512
13585
13668
13736
13874
14186
14294
14331
14460
14546
14558
14583
14589
14654
14703
14800
14868
14922
15004
15170
15172
15272
15372
15386
15599
15617
15669
15764
16152
16256
16277
16299
16454
16561
16599
16946
16993
17044
17229
17327
17347
17601
17650
17855
17858
17875
17952
17958
18119
18157
18167
18231
18232
18537
18558
18660
18698
18891
19086
19155
19312
19367
19388
19515
19811
19949
20030
20040
20104
20227
20250
20318
20462
20538
20552
20556
20588
20624
20714
20756
20958
20970
21189
21230
21266
21289
21674
21855
21918
22101
22352
22485
22573
22637
22733
22772
22826
22847
22850
22885
23071
23219
23349
23415
23459
23680
23834
24023
24280
24283
24432
24475
24558
24670
24693
25119
25154
25245
25356
25546
25606
25641
25705
25718
25748
26035
26036
26075
26107
26187
26246
26311
26429
26458
26488
26624
26763
26799
26981
27048
27094
27172
27343
27404
27467
27495
27508
27569
28005
28108
28189
28278
28290
28503
28557
28721
28801
28884
28887
29089
29123
29151
29178
29319
29465
29547
29918
29998
30224
30271
30315
30349
30411
30444
30459
30493
30529
30576
30677
30751
30857
30868
30892
30923
31081
31438
31567
31787
31843
31886
32109
32128
32470
32492
32540
32594
32871
33029
33076
33201
33334
33371
33489
33560
33635
33657
33672
33715
33790
33844
34013
34130
34241
34430
34721
34733
34767
34939
35040
35295
35570
35760
35846
35907
36032
36101
36251
36508
36540
36668
36900
36931
37036
37096
37114
37140
37300
37316
37383
37442
37677
37766
37813
38021
38139
38184
38292
38394
38927
39002
39144
39249
39265
39270
39285
39382
39502
39548
39560
39819
39890
39921
40050
40469
40769
40847
40956
41036
41069
41157
41403
41412
41421
41621
41671
41800
41850
41896
41905
42005
42008
42040
42100
42140
42208
42247
42317
42367
42755
42794
42989
43000
43206
43307
43497
43578
43580
43878
44055
44120
44136
44197
44220
44255
44260
44369
44562
44581
44689
44710
45095
45136
45271
45564
45575
45779
45792
45802
45832
45997
46131
46212
46335
46345
46381
46401
46558
46776
47040
47083
47165
47227
47228
47284
47350
47361
47404
47652
47675
47824
47862
47941
48002
48081
48114
48141
48155
48264
48325
48404
48780
48832
48967
49101
49140
49166
49414
49453
49594
49637
49928
49989
49997
50564
50648
50741
50943
51013
51104
51304
51358
51515
51534
51556
51586
51628
51698
51701
51761
51932
51941
52117
52310
52370
52374
52394
52442
52460
52475
52513
52513
52581
52661
52800
52817
52825
52843
52874
52947
53087
53443
53562
53675
53676
53722
53915
54023
54354
54369
54377
54485
54559
54850
54913
55095
55297
55353
55417
55443
55452
55529
55715
55742
55760
55978
56000
56038
56063
56103
56201
56288
56360
56610
56690
56721
56843
57000
57241
57263
57535
57707
57748
57902
57996
58006
58048
58171
58443
58777
58888
59079
59275
59282
59393
59532
59650
59871
59898
59927
59928
59930
59975
60120
60307
60397
60471
60615
60643
60699
60774
60947
61048
61304
61616
61672
61701
61706
61730
61742
61943
62116
62143
62290
62298
62594
62693
62718
62726
62762
62809
62968
62977
62996
63001
63151
63160
63187
63260
63500
63891
64135
64269
64464
64600
64757
65044
65096
65167
65211
65231
65288
65291
65413
65467
65513
65712
65787
65920
65994
66028
66033
66086
66099
66228
66328
66372
66421
66422
66441
66660
66699
66778
66917
67025
67071
67177
67210
67246
67436
67763
67798
68010
68102
68289
68579
68622
68779
68828
68899
69199
69383
69462
69488
69528
69829
69831
70194
70376
70512
70828
70866
70922
71046
71129
71134
71174
71267
71513
71601
71606
71608
71698
71856
71929
71955
71959
71961
72124
72272
72273
72435
72436
72446
72447
72518
72538
72544
72756
72767
72771
72871
72871
73092
73111
73129
73146
73211
73271
73300
73629
73670
73721
73727
73756
73893
73947
74119
74168
74202
74379
74449
74514
74580
74636
74692
75167
75188
75421
75512
75528
75546
75556
75672
75885
75914
75921
76163
76220
76244
76245
76254
76362
76385
76416
76436
76538
76582
76626
76686
76781
76841
76887
77109
77309
77387
77391
77602
77707
77784
77858
77951
78049
78111
78145
78410
78669
78745
78780
78901
79112
79217
79520
79578
79602
79697
79723
79794
79903
80008
80168
80203
80333
80361
80390
80505
80573
80587
80641
80842
81149
81189
81319
81326
81373
81385
81389
81468
81540
81541
81843
82077
82214
82407
82486
82528
82744
83118
83198
83217
83270
83389
83415
83438
83919
84098
84118
84279
84287
84403
84438
84503
84537
84578
84626
84734
84891
85143
85263
85305
85338
85370
85571
85761
85770
85784
85981
86016
86118
86124
86135
86162
86340
86422
86471
86495
86678
86726
86768
86784
86802
86838
86936
86946
87105
87134
87183
87526
87592
87615
87960
88187
88209
88425
88445
88484
88767
88817
88901
89103
89164
89186
89252
89279
89340
89508
89546
89579
89654
89657
89699
89757
89830
89845
89973
90042
90091
90093
90229
90230
90262
90477
90685
90741
90949
90972
91013
91028
91198
91301
91461
91559
91623
91703
91724
91785
91793
91841
91845
91978
91995
92002
92080
92122
92441
92545
92645
92787
92870
92904
93026
93078
93168
93233
93388
93655
93656
93718
93779
93857
93911
93924
94043
94078
94150
94167
94227
94241
94266
94304
94311
94369
94418
94468
95254
95371
95425
95462
95497
95505
95507
95596
95798
95876
95933
95997
96064
96073
96124
96303
96470
96569
96660
96668
96671
97095
97305
97616
97649
97863
98034
98063
98099
98133
98269
98415
98495
98544
98554
98600
98682
98714
98832
99010
99037
99178
99202
99420
99439
99476
99578
99955
100089
100135
100333
100528
100754
100781
100813
100817
101103
101127
101165
101260
101343
101428
101540
101599
101640
101642
101675
101746
102348
102619
102643
102681
103141
103314
103472
103537
103568
103703
103954
104089
104278
104296
104358
104607
104802
104825
104886
105018
105030
105040
105147
105205
105209
105219
105261
105377
105454
105498
105816
105826
105897
105921
106001
106034
106066
106146
106434
106451
106545
106603
106621
106738
106788
106922
106958
107117
107117
107309
107403
107427
107559
107569
107937
108046
108158
108173
108309
108474
108797
108943
108998
109031
109145
109250
109336
109383
109448
109795
109881
109913
109941
110105
110143
110162
110295
110296
110317
110533
110567
110745
111255
111297
111341
111670
111704
111744
112092
112200
112210
112235
112249
112349
112382
112419
112440
112451
112458
112462
112531
112645
112795
112867
113028
113042
113057
113102
113148
113195
113226
113275
113417
113481
113543
113612
113840
113895
114179
114318
114384
114427
114460
114738
114827
114839
114873
114985
115071
115190
115357
115475
115816
116031
116067
116201
116226
116236
116732
116889
117091
117094
117099
117172
117325
117510
117517
117534
117588
117817
118096
118236
118297
118336
118542
118697
118715
118726
118792
118963
118983
119121
119138
119210
119389
119601
119738
119827
119884
119922
119945
119956
120412
120490
120556
120719
121039
121108
121261
121433
121575
121605
121685
121716
121819
122058
122313
122343
122382
122574
122717
122749
122776
122938
123008
123359
123406
123409
123625
123775
123828
123997
124099
124120
124341
124392
124463
124589
124664
124823
124864
124938
124947
125087
125102
125180
125319
125564
125567
125727
125743
125899
125990
126021
126196
126249
126400
126703
126842
126855
126931
126981
127038
127116
127119
127168
127234
127244
127262
127272
127392
127502
127610
127656
127751
127972
127982
128173
128230
128367
128394
128461
128606
128767
128788
128910
129405
129482
129703
129814
129882
129889
129949
129981
130078
130088
130171
130234
130283
130285
130353
130440
130634
130672
130685
130703
130879
131047
131076
131460
131502
131654
131818
132046
132156
132270
132305
132312
132333
132407
132600
132615
132929
132979
133090
133241
133276
133350
133486
133607
133692
133756
133760
134228
134629
134829
135155
135157
135169
135196
135389
135405
135559
135592
135762
135820
136071
136194
136568
136698
137338
137349
137349
137525
137736
137798
137816
137832
138073
138148
138310
138412
138741
138754
138839
138984
139110
139278
139420
139445
139469
139640
139668
139745
139859
140047
140128
140143
140196
140293
140420
140461
140571
140573
140687
140827
141041
141105
141421
141527
141573
141636
141820
141842
141870
141908
142026
142113
142390
142482
142496
142648
142749
142848
142922
143238
143251
143327
143485
143548
143601
143632
143879
144383
144393
144412
144471
144504
144619
144643
144645
144990
144998
145153
145177
145198
145609
145869
145885
145900
145915
145983
146047
146071
146301
146337
146364
146465
146583
146594
146597
146761
146857
146987
147034
147220
147273
147385
147439
147823
147916
147954
147985
148026
148067
148191
148222
148226
148263
148334
148495
148608
148640
148679
148819
148905
148980
148996
149012
149030
149079
149252
149342
149572
149861
149896
149901
149965
150118
150389
150421
150647
150975
151171
151415
151500
151505
151645
151966
152053
152209
152364
152416
152436
152518
152529
152624
152777
152835
152862
152908
152923
152976
153004
153071
153108
153187
153289
153594
153609
153661
153673
153815
153902
154037
154327
154368
154373
154469
154487
154513
154607
154733
154785
154826
154832
154847
154866
154877
154888
154911
155013
155016
155147
155213
155256
155331
155344
155366
155577
155874
155885
156554
156555
156686
156692
156708
156861
157077
157205
157268
157416
157505
157560
157731
157797
157856
157984
158129
158279
158425
158441
158866
158941
158952
158962
159106
159113
159385
159436
159533
159561
159579
159656
159664
159821
160435
160493
160567
160594
160733
160774
160825
161182
161266
161589
161735
161741
161840
161858
162000
162071
162175
162231
162250
162277
162300
162320
162354
162386
162505
162529
162721
162759
162939
163039
163147
163282
163476
163587
163606
163699
163723
164130
164151
164279
164287
164410
164466
164719
164879
165020
165048
165146
165154
165184
165286
165796
165863
165990
166047
166106
166161
166162
166311
166459
166639
166644
166718
166791
166887
166993
167141
167182
167210
167240
167256
167416
167428
167458
167543
167592
167629
167702
168055
168356
168376
168488
168604
168691
168749
168834
168843
168973
169092
169162
169205
169246
169303
169396
169520
169709
169748
169750
169782
169972
170124
170192
170192
170216
170332
170336
170452
170774
170828
170873
170902
171037
171098
171129
171153
171356
171412
171412
171534
171615
171753
171930
171935
171942
172033
172162
172327
172344
172356
172373
172566
172590
172598
172724
172818
172865
172927
173008
173299
173378
173815
173829
173841
174012
174060
174072
174104
174271
174392
174453
174465
174582
174596
174606
174673
174874
174940
174943
174948
174972
175016
175065
175107
175114
175171
175273
175286
175685
175833
175874
176176
176185
176234
176283
176377
176380
176558
176643
176660
176707
176708
176765
176810
176878
176978
177110
177296
177542
177568
177781
177785
177875
178067
178099
178116
178135
178611
178733
178754
178787
178854
178915
179172
179175
179381
179396
179462
179518
179633
179660
179907
180019
180043
180189
180238
180253
180312
180330
180345
180538
180864
180907
180926
180984
181271
181272
181274
181540
181560
181610
181611
181740
181795
182027
182216
182395
182490
182884
183116
183183
183199
183299
183330
183349
183364
183426
183512
183674
184117
184125
184338
184367
184467
184500
184719
184766
184834
184911
184954
185064
185070
185202
185234
185252
185289
185347
185373
185469
185507
185681
185954
186002
186054
186176
186189
186209
186284
186464
186521
186623
186687
186743
186792
186847
186866
186867
187024
187254
187368
187403
187500
187510
187693
187727
187843
187901
187990
188244
188260
188432
188736
188739
188748
188778
188891
188936
189029
189039
189109
189130
189194
189213
189225
189363
189912
189993
190000
190121
190259
190738
190749
190828
190872
190923
190985
191020
191120
191176
191228
191272
191342
191359
191382
191475
191858
191927
192005
192171
192264
192334
192459
192603
192612
192713
192791
193082
193098
193106
193302
193387
193391
193408
193479
193587
193659
193999
194079
194307
194321
194378
194380
194452
194556
194608
194628
194752
194947
195030
195237
195264
195341
195539
195541
195569
195576
195645
195664
195782
195810
195842
195872
195948
196031
196058
196134
196181
196220
196228
196273
196348
196414
196442
196458
196500
196812
196924
196974
196984
197013
197171
197241
197379
197442
197443
197647
197835
197841
197844
198006
198011
198012
198062
198208
198323
198325
198330
198367
198384
198417
198442
199007
199038
199763
199863
200152
200180
200262
200292
200672
200678
200851
200944
200958
201123
201212
201255
201257
201306
201415
201431
201440
201450
201522
201694
201954
201976
202001
202466
202471
202575
202621
202780
202904
203076
203562
203570
203693
203693
203762
203775
203791
203802
203885
204045
204093
204173
204199
204200
204225
204336
204350
204386
204404
204569
204597
204661
204775
204895
205054
205141
205307
205307
205320
205584
205733
205859
205859
206093
206209
206243
206330
206428
206562
206630
206722
206738
206781
206845
206855
206874
207030
207190
207222
207259
207540
207809
207846
208078
208103
208185
208382
208562
208860
208875
208902
208930
209008
209013
209015
209106
209212
209360
209392
209512
209548
209583
209625
209899
209899
209968
210178
210406
210485
210566
210737
210880
210979
211009
211101
211162
211348
211351
211480
211565
211898
211928
211938
212100
212132
212155
212187
212526
212605
212645
213166
213203
213225
213237
213311
213371
213476
213610
213779
213794
213830
213868
214007
214059
214144
214194
214373
214727
214758
214787
214991
214994
215247
215338
215377
215678
215713
215915
215949
215962
215968
216114
216351
216391
216477
216580
216676
216757
216837
216915
217009
217331
217333
217484
217497
217598
217665
217697
217775
217800
217815
217922
218119
218144
218155
218175
218346
218522
218560
218625
218824
218857
218974
219021
219047
219087
219177
219272
219316
219388
219438
219592
219675
219675
219686
219687
220086
220164
220182
220224
220320
220393
220394
220478
220521
220821
220891
220930
221141
221187
221283
221567
221779
221891
222010
222080
222114
222217
222418
222418
222429
222487
222629
223038
223072
223189
223521
223555
223718
223741
223843
224113
224373
224539
224545
224568
224590
224630
224711
224741
224782
224826
224860
224927
225052
225130
225185
225240
225287
225311
225344
225396
225525
225540
225756
225763
225811
225872
226059
226093
226309
226466
226579
226595
226814
226875
226878
226894
226958
226966
227000
227095
227142
227449
227545
227547
227620
227656
227717
227724
227859
228009
228098
228122
228160
228404
228622
228634
228651
229003
229042
229127
229166
229314
229332
229332
229375
229520
229626
229697
230026
230032
230073
230138
230165
230312
230430
230437
230460
230471
230581
230646
230649
231070
231148
231218
231353
231473
231558
231571
231592
231794
231797
231808
231917
232260
232419
232443
232447
232507
232568
232680
232772
232884
233247
233277
233329
233348
233388
233622
233668
233701
233720
233800
233929
233996
234057
234101
234439
234484
234512
234680
234734
234783
234839
234859
235060
235374
235530
235836
235991
236006
236117
236128
236132
236267
236435
236463
236473
236559
236582
236671
236751
236886
237012
237018
237225
237259
237281
237692
237837
237925
238078
238192
238201
238226
238258
238363
238592
238699
238762
238768
238910
238913
239189
239226
239346
239402
239502
239660
239686
239737
239754
239803
239895
239939
240195
240227
240518
240770
240961
241028
241046
241098
241157
241190
241257
241381
241725
241819
241947
242038
242106
242160
242211
242236
242300
242356
242382
242413
242506
242712
242727
242781
242789
242921
243286
243355
243598
243717
243960
244000
244215
244279
244389
244399
244452
244784
244792
244810
244839
244881
244967
244979
244980
245342
245383
245400
245563
245623
245758
245792
245830
245866
246057
246069
246079
246151
246228
246407
246484
246490
246661
246742
246816
246887
246975
247111
247197
247231
247380
247447
247480
247536
247585
247615
247755
247818
247877
247943
248024
248123
248129
248134
248178
248203
248365
248372
248410
248456
248548
248549
248551
248552
248659
248736
248848
249054
249066
249083
249455
249683
249703
250030
250048
250380
250485
250552
250568
250770
250777
250789
250821
250925
250941
251118
251152
251276
251324
251381
251478
251555
251637
251693
251813
251818
251823
251956
252055
252177
252351
252529
252533
252557
252683
252693
252709
252733
252964
252977
253003
253095
253241
253271
253338
253348
253355
253545
253549
253564
253630
253783
253807
253855
253929
253941
253976
254053
254212
254323
254339
254423
254471
254509
254622
254821
254822
254823
255023
255097
255136
255189
255413
255441
255456
255457
255500
255561
255619
255632
255634
255694
255837
256110
256238
256373
256435
256723
256726
256757
256988
257018
257122
257128
257179
257214
257271
257305
257337
257351
257872
257986
258007
258191
258369
258370
258622
258727
258736
258836
258850
258987
259041
259181
259197
259319
259336
259381
259509
259572
259734
259764
259861
259865
259946
259966
260158
260308
260442
260567
260575
260602
260752
260755
260789
260931
261129
261447
261475
261491
261537
261612
261655
262067
262212
262315
262324
262509
262563
262644
262748
262779
262802
262857
262861
262905
262954
262988
263167
263420
263489
263552
263655
263984
264093
264314
264633
264709
264726
264866
264909
264914
264941
264950
264991
265052
265065
265186
265217
265318
265438
265472
265478
265522
265544
265564
265622
265694
265730
265799
265849
265870
266057
266195
266258
266376
266458
266584
266641
266831
266841
266917
267039
267190
267194
267320
267446
267501
267681
267799
267991
268125
268131
268188
268314
268320
268321
268468
268720
268780
268933
269035
269059
269223
269457
269466
269498
269667
270737
270904
271042
271477
271668
271730
271818
271844
272035
272148
272263
272617
272688
272787
272844
272875
272922
272975
273029
273128
273172
273182
273345
273349
273387
273437
273446
273449
273461
273477
273947
274050
274071
274105
274141
274174
274416
274474
274523
274646
274757
274933
274995
275213
275343
275457
275629
275662
275679
275812
275879
275898
276054
276507
276530
276532
276599
276642
276736
276738
277051
277083
277235
277239
277380
277596
277645
277704
277729
277836
277923
278469
278476
278502
278661
278670
278733
278853
278957
279094
279098
279142
279326
279396
279496
279805
279822
280069
280139
280152
280320
280449
280456
280457
280493
280586
280678
280732
280749
280761
280881
280932
281104
281261
281272
281458
281512
281581
281590
282044
282080
282122
282142
282348
282516
282568
282709
283217
283283
283371
283386
283465
283479
283589
283643
283683
283711
283811
283989
284152
284207
284462
284576
284579
284613
284830
284832
284850
284885
284901
285027
285105
285251
285579
285657
285806
285906
286115
286124
286173
286343
286524
286547
286607
286634
286784
286824
286973
287119
287133
287208
287227
287346
287387
287452
287552
287980
288037
288077
288094
288100
288237
288311
288397
288584
288641
288775
288977
289029
289203
289381
289578
289609
289630
289821
290226
290475
290510
290702
290826
290963
291358
291362
291408
291435
291460
291711
291837
291976
292061
292084
292381
292417
292456
292485
292679
292686
292819
292876
292904
293072
293102
293114
293315
293336
293529
293539
293593
293602
293665
293814
293976
293994
293995
294036
294070
294124
294370
294419
294463
294467
294569
294591
294601
294606
294693
294694
294795
294884
294980
295057
295128
295470
295810
295825
296187
296284
296325
296538
296627
296696
296747
296833
296900
296935
296943
297057
297073
297165
297207
297529
297641
297870
297939
297955
298035
298165
298199
298263
298309
298368
298410
298455
298528
298732
298806
299023
299094
299101
299101
299154
299342
299467
299588
299651
299691
299847
299912
299954
300260
300326
300383
300519
300788
301061
301319
301334
301830
302032
302098
302192
302233
302388
302476
302586
302644
302873
303170
303460
303623
303636
303721
303764
303859
303860
304224
304408
304486
304758
304792
304810
304971
305102
305123
305279
305413
305457
305478
305531
305607
305661
305670
305673
305733
305751
305850
305944
306028
306093
306164
306263
306456
306497
306546
306711
306766
306886
306942
306994
307064
307148
307230
307267
307364
307677
307749
308372
308417
308427
308666
308676
308742
308857
309255
309273
309331
309441
309442
309616
309781
309796
309903
310059
310181
310191
310270
310422
310473
310727
310739
310874
311138
311212
311470
311616
311623
311766
311876
311997
312003
312071
312253
312367
312404
312543
312596
312632
312781
312878
312880
312884
312924
312997
313066
313175
313224
313228
313271
313283
313417
313624
313676
313688
313963
314020
314089
314112
314177
314290
314297
314521
314686
314812
314860
315013
315192
315415
315422
315547
315585
315663
315723
315934
316123
316206
316519
316640
316818
317071
317149
317150
317173
317294
317357
317519
317684
317840
317989
318042
318187
318192
318374
318680
318717
318783
318920
318929
319007
319029
319096
319100
319138
319252
319253
319308
319321
319384
319516
319591
319679
319761
319848
319855
320130
320185
320195
320360
320493
320503
320548
320727
321024
321138
321338
321409
321454
321733
321914
321944
322112
322143
322259
322280
322546
322788
322994
323054
323195
323210
323242
323320
323322
323469
323689
323708
323863
323919
323979
324137
324234
324238
324243
324249
324395
324619
324722
324814
324993
325062
325115
325283
325414
325491
325582
325620
325746
325842
325985
326034
326136
326173
326184
326205
326301
326529
326746
326854
327052
327079
327099
327147
327326
327401
327530
327561
327865
328084
328114
328215
328267
328275
328416
328523
328604
328702
328803
329111
329125
329184
329343
329575
329697
329767
329852
329890
329906
329909
330051
330162
330257
330337
330495
330564
330638
330642
330666
330978
330985
331043
331391
331401
331423
331473
331493
331664
331682
331726
331858
331879
332142
332150
332245
332453
332488
332548
332584
332750
332804
332880
332898
332983
333019
333019
333049
333107
333345
333380
333415
333470
333527
333816
333820
333896
333951
333963
334106
334190
334225
334226
334253
334490
334559
334696
334783
334836
334900
334922
334953
334958
334959
335135
335271
335570
335925
336121
336141
336159
336190
336263
336428
336475
336971
337090
337110
337115
337332
337469
337790
338069
338120
338145
338471
338634
338677
338855
338873
338877
338922
338976
339033
339144
339192
339377
339422
339451
339464
339479
339524
339530
339789
339951
339964
339977
340035
340182
340427
340446
340501
340513
340656
340848
341101
341115
341321
341326
341329
341361
341364
341371
341430
341691
341745
341875
342200
342203
342246
342287
342309
342321
342322
342510
342684
342830
342833
342874
342970
342979
343054
343092
343167
343294
343308
343421
343510
343539
343559
343626
343669
343670
343683
343770
343865
343952
344020
344043
344146
344204
344367
344441
344814
344930
345130
345331
345373
345393
345430
345452
345498
345596
345631
345663
345753
345988
346279
346553
346605
346615
346682
346688
346726
346757
346781
346847
346878
347088
347166
347210
347256
347314
347393
347408
347449
347513
347534
347836
347926
348007
348484
348677
348821
348884
348894
348957
348985
349288
349309
349396
349636
350100
350151
350230
350460
350584
350619
350638
351140
351154
351183
351446
351463
351727
351781
351791
351931
352183
352352
352651
352787
352986
353204
353225
353240
353500
353501
353541
353568
353611
353790
353919
354043
354083
354169
354246
354276
354302
354614
354631
354683
354753
354801
355019
355037
355059
355081
355088
355212
355232
355346
355496
355501
355647
355737
355739
355868
355946
355981
356025
356039
356111
356239
356329
356420
356486
356552
356585
356597
356774
356907
357067
357174
357534
357538
357735
357781
357869
357906
358101
358446
358694
358873
358901
358960
359002
359130
359215
359469
359498
359804
359868
359906
360060
360099
360109
360151
360210
360225
360429
360482
360521
360572
360679
360773
360857
360944
361015
361062
361104
361141
361181
361274
361857
361913
361989
362108
362164
362225
362298
362443
362458
362518
362553
362559
362900
362912
363057
363290
363324
363430
363473
363477
363621
363640
363654
363723
363996
364043
364106
364269
364327
364370
364404
364437
364536
364711
364789
364910
365081
365197
365300
365358
365395
365435
365454
365551
365657
365701
365702
365754
365777
366158
366316
366538
366644
366750
366812
366815
366816
366923
367049
367114
367137
367340
367470
367553
367628
367663
367808
367883
368123
368355
368379
368506
368614
368812
369132
369145
369149
369161
369168
369214
369301
369345
369375
369433
369491
369640
369641
369720
369777
369861
370062
370075
370513
370592
370679
370915
370959
371201
371346
371372
371410
371414
371421
371432
371496
371538
371638
371685
371876
371894
371923
372033
372134
372608
372644
372701
372781
372880
372962
373098
373335
373543
373573
373732
373905
374004
374040
374049
374055
374085
374160
374184
374272
374344
374348
374356
374364
374746
374763
374908
375027
375186
375277
375495
375624
375810
375879
375891
376014
376382
376500
376717
376939
377044
377176
377235
377241
377268
377390
377430
377447
377453
377828
378277
378473
378482
378616
378668
378696
378807
378968
378970
379057
379074
379189
379208
379490
379605
379967
380110
380123
380240
380276
380281
380286
380365
380665
380869
380935
381076
381137
381345
381449
381599
381628
381700
382112
382137
382214
382280
382341
382506
382538
382608
382803
382935
382954
383086
383107
383127
383161
383170
383176
383288
383344
383601
383626
383665
383809
383911
384042
384084
384201
384306
384389
384421
384790
384905
385007
385019
385075
385112
385153
385284
385405
385420
385499
385630
385730
385763
385914
386188
386200
386289
386414
386437
386510
386513
386720
386731
386823
386936
387037
387038
387055
387096
387121
387164
387261
387611
387619
387801
387873
387992
388061
388072
388142
388229
388240
388382
388438
388593
388607
388722
388821
388845
388949
389117
389134
389148
389189
389345
389388
389395
389399
389581
389624
389636
389646
389799
389840
389852
390151
390244
390397
390406
390600
390680
390736
390827
390851
390959
390979
390982
391066
391112
391125
391271
391418
391430
391576
391747
391796
391824
391894
391933
391950
392414
392458
392475
392477
392552
392654
392665
392709
392713
392735
392781
392933
393114
393201
393267
393524
393570
393838
393937
393961
394082
394141
394293
394308
394315
394356
394357
394404
394415
394448
394607
394686
394705
394758
394762
394787
394837
395525
395659
395695
395788
396008
396079
396166
396230
396731
396805
396806
396938
396955
397196
397346
397385
397473
397629
397715
398137
398308
398404
398447
398466
398568
398678
398679
398729
398741
398783
398935
399019
399024
399032
399120
399161
399449
399470
399483
399491
399699
399808
399931
399998
400161
400189
400454
400969
401024
401138
401275
401600
401680
401764
401765
401806
401900
402102
402202
402204
402205
402217
402248
402549
402674
402676
402681
402692
402704
402797
402812
403003
403024
403120
403242
403249
403597
403877
404084
404092
404107
404310
404343
404551
404606
404704
405108
405186
405368
405484
405526
405559
405565
405579
405611
405688
405784
405824
405891
406124
406130
406145
406428
406453
406471
406536
406832
406991
407059
407518
407523
407560
407806
407909
408018
408162
408218
408262
408377
408423
408623
408695
408704
408898
409019
409055
409176
409181
409240
409361
409426
409475
409635
409643
409673
409684
410033
410075
410172
410224
410539
410599
410606
410742
410753
410901
410935
411086
411233
411304
411526
411558
411782
411799
411910
412011
412027
412126
412135
412169
412204
412205
412312
412507
412629
412975
412997
412998
413200
413292
413325
413352
413374
413382
413489
413569
413577
413616
413627
413653
413769
413826
413919
414010
414055
414269
414429
414429
414452
414552
414875
414877
414896
414896
415027
415090
415112
415226
415339
415398
415767
415786
416040
416091
416335
416365
416400
416462
416528
416563
416839
416921
417050
417368
417373
417400
417530
417547
417554
417653
417659
417863
417913
417982
418157
418162
418183
418211
418253
418332
418387
418392
418555
418560
418704
418704
418734
418848
419257
419333
419615
419632
419650
420023
420038
420076
420245
420392
420786
420852
420884
420900
420908
420920
420978
421042
421121
421420
421610
421673
421712
421755
421784
421995
422244
422260
422343
422370
422441
422508
422608
422628
422635
422844
422941
423062
423112
423173
423282
423304
423357
423363
423373
423494
423540
423608
423646
423723
423942
423973
424241
424380
424606
424926
424978
425018
425100
425201
425216
425321
425363
425413
425486
425505
425513
425659
425864
426184
426189
426227
426297
426387
426472
426576
426596
426673
426810
426864
426913
426953
427014
427216
427217
427218
427251
427408
427473
427477
427556
427938
428114
428123
428168
428312
428404
428432
428504
428634
428690
428731
428902
429191
429233
429237
429344
429363
429388
429420
429453
429696
429868
429935
429938
430020
430334
430417
430500
430879
430978
431085
431112
431169
431186
431210
431564
431702
431704
431809
431880
431941
431981
432393
432401
432656
432722
432723
432735
433017
433037
433139
433199
433265
433407
433432
433473
433851
433867
433904
433962
434301
434382
434410
434428
434520
434644
434697
434752
434870
434919
435162
435196
435211
435353
435516
435601
435722
436058
436211
436317
436333
436382
436415
436503
436590
436645
436680
436759
436949
437207
437275
437360
437512
437535
437551
437568
437605
437606
437738
437761
437783
437830
437973
438027
438077
438257
438352
438403
438520
438553
438569
438742
438791
438803
438885
438960
439190
439314
439369
439386
439424
439529
440003
440028
440159
440172
440414
440430
440478
440573
440604
440739
440805
441115
441132
441307
441384
441390
441391
441646
441711
441769
441799
441802
441818
441997
442080
442155
442161
442362
442428
442488
442493
442842
442940
443077
443164
443226
443290
443401
443445
443529
443569
443715
443854
444143
444214
444502
444546
444561
444602
444927
445208
445310
445454
445653
445678
445788
445932
446397
446474
446524
446527
446576
446579
446581
446660
446778
446798
446848
446870
447528
447586
447619
447823
447959
448087
448115
448132
448500
448509
448538
448584
448852
448986
449032
449191
449239
449374
449387
449588
449726
449819
449984
450002
450030
450334
450582
450604
450798
450849
450864
450990
451045
451114
451371
451431
451440
451443
451582
451616
451855
451858
451938
451980
452342
452484
452538
452551
453060
453095
453154
453295
453495
453542
453606
453809
454210
454233
454322
454477
454579
454592
454663
454882
454910
454914
454988
455168
455177
455481
455591
455931
456082
456209
456285
456391
456435
456614
456850
457191
457379
457476
457546
457553
457686
457730
457769
457812
458136
458235
458246
458252
458340
458392
458410
458482
458524
458554
458610
458706
458742
458870
458935
459045
459082
459143
459200
459253
459325
459333
459546
459654
459739
459749
459917
459941
459947
460072
460086
460173
460268
460325
460789
460983
461076
461100
461339
461344
461390
461394
461397
461433
461590
461592
461659
461777
461810
461996
462263
462304
462412
462446
462484
462556
462616
462644
462645
462651
462656
462700
462791
462883
463003
463043
463061
463117
463179
463267
463629
463716
463968
464005
464031
464053
464283
464326
464386
464439
464506
464566
464717
464727
464899
464916
465083
465215
465452
465637
465707
465792
465799
465847
465853
465861
465964
466108
466138
466538
466548
466662
466741
466866
466888
467006
467018
467044
467395
467453
467532
467550
467609
467653
467671
467737
467760
467827
467839
467867
468143
468317
468322
468436
468581
468699
468701
468723
468787
468798
468829
468986
469298
469413
469579
469788
469860
469972
470127
470392
470620
470646
470726
470747
470823
470858
470967
470968
471024
471062
471088
471106
471115
471137
471277
471382
471593
471629
471737
471800
471899
472006
472017
472049
472204
472221
472230
472242
472249
472252
472444
472508
472531
472586
472762
472821
472934
473041
473180
473193
473203
473379
473450
473521
473627
473725
473889
473892
474337
474438
474477
474596
474677
474775
474775
474920
474961
475357
475363
475392
475393
475697
475879
475956
475963
475994
476019
476023
476118
476161
476183
476406
476435
476576
476706
476739
477059
477150
477230
477265
477302
477371
477888
477979
478216
478222
478450
478472
478512
478528
478777
478888
479105
479188
479324
479525
479531
479726
479916
479941
479996
480238
480293
480383
480620
480669
480711
481157
481577
481674
481738
481759
481783
481794
481825
481895
481961
482005
482224
482247
482507
482514
482554
482626
482710
482992
483129
483130
483232
483327
483374
483518
483708
483764
483802
483813
483877
483896
484103
484124
484627
484663
484678
484765
484891
484901
484916
485364
485378
485522
485630
485644
485686
485729
485754
485863
485876
486123
486169
486306
486327
486698
486708
486802
486911
486931
487017
487036
487098
487159
487213
487314
487321
487424
487642
487671
487798
487801
488116
488127
488183
488211
488375
488468
488583
488763
489103
489210
489454
489525
489542
489547
489778
489824
489849
489865
490026
490206
490455
490625
490636
490671
490734
490879
490893
490998
491007
491048
491070
491084
491418
491427
491543
491693
491700
491718
491764
491781
491845
491864
492013
492124
492290
492393
492586
492657
492833
492897
492921
492931
492945
492960
493058
493133
493174
493450
493461
493620
493643
493644
493690
493783
493829
493887
493927
494538
494560
494765
494810
494992
495051
495069
495095
495136
495138
495238
495359
495464
495658
495709
496232
496246
496269
496274
496281
496567
496933
496955
497119
497237
497395
497478
497487
497568
497618
497936
497944
497981
498029
498150
498203
498281
498287
498373
498386
498387
498425
498677
498905
499141
499243
499262
499512
499745
499943
500130
500160
500236
500264
500394
500625
500725
501061
501096
501211
501251
501507
501523
501643
501645
501652
501683
501702
501887
501931
501990
502006
502096
502269
502292
502671
502822
503028
503029
503090
503251
503338
503400
503486
503537
503759
503849
504040
504108
504155
504166
504373
504850
504851
504991
505216
505244
505415
505425
505569
505721
505775
505885
505958
505963
505968
506003
506521
506549
506662
506756
506756
506760
507160
507362
507513
507728
507744
508075
508103
508228
508442
508464
508571
508728
508778
508817
508912
508924
508987
509176
509246
509300
509462
509476
509760
509868
509989
510195
510317
510322
510424
510475
511019
511027
511030
511082
511101
511123
511152
511289
511322
511429
511809
511875
511892
511963
512016
512318
512362
512513
512551
512853
513105
513124
513438
513524
513623
513721
513776
513943
514013
514014
514232
514349
514512
514578
514688
514699
514762
514844
514881
514942
515017
515083
515206
515236
515271
515353
515379
515478
515522
515640
516035
516107
516118
516173
516391
516536
516834
516973
517095
517189
517268
517334
517444
517621
517795
517977
518025
518073
518123
518221
518293
518404
518636
518792
518989
518996
519128
519227
519238
519297
519344
519633
519675
519680
519786
519822
519834
519930
519970
520060
520116
520158
520262
520437
520617
520648
520652
520956
521029
521107
521137
521400
521412
521468
521483
521560
521610
521775
521854
521960
522076
522085
522137
522374
522404
522413
522489
522699
522727
522857
522900
522951
522995
523019
523157
523168
523229
523323
523374
523381
523394
523449
523455
523483
523789
523910
523916
524068
524172
524479
524699
524759
524761
524783
524984
524987
525168
525176
525275
525390
525492
525545
525641
525654
525656
525743
525867
525948
526016
526159
526427
526633
526701
526785
526822
526855
526928
526971
527031
527216
527290
527348
527369
527371
527641
527712
527864
528011
528107
528127
528713
528935
529158
529163
529191
529225
529238
529277
529289
529376
529477
529493
529516
529538
529596
529642
529758
529877
529974
530109
530148
530461
530675
530814
530825
530925
530969
530981
531202
531218
531298
531388
531415
531649
531702
531764
531810
531845
531986
532019
532044
532093
532232
532242
532256
532376
532390
532634
533232
533277
533480
533494
533800
533805
533872
533883
533951
534101
534155
534158
534432
534505
534524
534577
534635
534747
534977
535036
535239
535373
535611
535807
536004
536007
536033
536036
536125
536162
536270
536350
536377
536449
536510
536815
536816
536875
536900
536918
537127
537185
537213
537357
537360
537435
537503
537519
537637
537642
537648
537664
537761
537891
537906
537947
538002
538010
538155
538160
538225
538306
538389
538521
538779
538814
538889
538940
538962
539087
539263
539266
539386
539391
539580
539801
539876
539877
539938
540075
540333
540384
540428
540641
540667
540847
540898
540942
541054
541275
541429
541441
541448
541507
541584
541914
541994
542084
542132
542198
542246
542264
542376
542398
542435
542489
542577
542591
542684
542745
542910
543022
543023
543024
543119
543155
543210
543300
543441
543511
543845
544048
544092
544260
544427
544872
545081
545103
545176
545248
545386
545428
545436
545521
546029
546084
546127
546406
546571
546591
546596
546666
546679
546766
547053
547247
547255
547318
547514
547650
547969
547988
547992
548203
548347
548395
548544
548547
548709
548758
548781
548823
548977
548986
549002
549008
549053
549285
549377
549405
549700
549866
549910
549924
550010
550014
550042
550074
550100
550343
550465
550508
550525
550595
550721
550756
550792
550828
550950
551038
551127
551447
551496
551609
551737
551803
551813
551828
551839
551943
552013
552081
552160
552196
552197
552197
552215
552423
552592
552643
552771
552771
552896
552908
553211
553218
553256
553307
553323
553347
553370
553786
553945
553971
553987
554388
554581
554714
554734
554959
555042
555129
555245
555517
555613
555640
555656
555667
555780
555781
556104
556277
556372
556462
556735
556808
556923
556973
557034
557137
557387
557387
557536
557750
557891
557926
557933
558056
558393
558404
558452
558690
558775
558926
559058
559288
559528
559635
559662
559751
559926
560030
560396
560438
560449
560604
560670
560762
560863
560881
561010
561216
561318
561503
561532
561577
562173
562182
562245
562558
562696
562815
562885
562926
562977
563028
563139
563280
563285
563365
563370
563485
563794
563817
563820
563827
564065
564342
564444
564486
564726
564726
564745
564816
564972
565106
565261
565431
565520
565827
565876
565881
565959
565959
566029
566034
566058
566196
566279
566286
566461
566469
566629
566697
566862
566867
566894
566982
567258
567413
567488
567596
567688
567753
568079
568161
568311
568814
568869
569039
569070
569113
569365
569422
569495
569541
569545
569684
569825
569916
569945
570093
570187
570277
570531
570589
570697
570810
570849
570858
571198
571220
571304
571420
571685
571713
571764
571936
571988
572009
572055
572117
572218
572368
572445
572563
572700
572769
572774
572797
572854
572904
572924
572950
573102
573129
573185
573199
573262
573271
573402
573419
573456
573817
573820
574029
574089
574139
574174
574373
574475
574616
574621
574722
574726
575079
575084
575139
575210
575302
575445
575503
575754
575883
575899
575947
575960
575990
576017
576072
576267
576284
576306
576394
576498
576649
576664
576672
576692
576753
576777
576802
576951
577084
577171
577241
577255
577278
577327
577597
577848
577956
578034
578040
578051
578054
578079
578242
578254
578531
578787
578790
578822
578924
578947
579042
579139
579193
579344
579413
579422
579537
579687
579771
579835
579840
579849
579873
579924
579935
579944
580199
580224
580528
580612
580627
580635
580759
580839
580937
581169
581293
581297
581315
581380
581602
581849
581996
582067
582236
582893
582906
583052
583293
583382
583458
583468
583544
583582
583597
583612
583681
584153
584395
584420
584504
584616
584622
584736
584804
584828
585069
585251
585437
585624
585668
585694
586000
586024
586138
586152
586173
586193
586594
586756
587146
587200
587346
587450
587581
587635
587685
587879
588081
588243
588290
588375
588381
588384
588495
588516
588532
588720
588798
588869
588887
588944
589170
589223
589228
589344
589416
589699
589980
590259
590381
590433
590580
590969
591154
591381
591540
591556
591560
591725
591780
591980
592200
592278
592420
592876
592915
593069
593185
593359
593370
593373
593430
593483
593741
593845
593903
593908
593924
594000
594045
594109
594208
594305
594444
594498
594550
594741
594744
594744
594892
594926
594944
594944
595249
595274
595435
595660
595700
595752
595977
596068
596101
596143
596317
596330
596380
596490
596579
596637
596826
597141
597235
597319
597383
597419
597439
597451
597689
597921
598012
598146
598223
598243
598433
598514
598640
598673
598715
598776
599042
599323
599495
599559
599562
599650
599803
599959
600065
600107
600431
600521
600614
600645
600711
600831
600966
600979
600994
601012
601186
601218
601581
601631
601810
601942
601948
602016
602033
602068
602245
602470
602631
602658
602769
602836
603413
603435
603538
603709
603790
603815
603836
603985
604007
604053
604054
604076
604266
604583
604709
604857
605080
605329
605343
605416
605531
605571
605671
605718
605800
605914
605985
605998
606098
606249
606371
606401
606431
606439
606464
606612
606774
606933
606942
607187
607189
607227
607252
607257
607272
607284
607330
607419
607438
607550
607569
607689
607821
607887
607991
608097
608137
608354
608447
608462
608465
608709
608743
608825
608893
608903
609117
609170
609201
609306
609322
609547
609624
609735
609795
609831
609870
609878
609949
610214
610392
610532
610644
610696
610733
610776
610819
610904
610923
610965
611191
611351
611427
611515
611731
611768
611829
611939
611952
612129
612195
612318
612380
612419
612724
612732
612939
613020
613046
613063
613072
613128
613255
613289
613335
613340
613377
613427
613488
613620
613716
613786
613800
613935
613984
614037
614085
614165
614301
614448
614502
614512
614767
614837
614853
614995
615114
615167
615171
615267
615532
615576
615582
615669
615813
615845
615950
616047
616232
616245
616320
616369
616385
616502
617013
617494
617611
617638
617711
618000
618491
618553
618729
618737
618904
619207
619410
619462
619468
619552
619675
619705
619769
619858
619874
619926
620006
620161
620521
620692
620916
620980
621039
621200
621371
621455
621612
621732
621767
621865
622268
622421
622569
622586
622689
622790
622981
623072
623105
623391
623756
624522
624575
624602
624670
624965
625031
625107
625261
625334
625487
625534
625560
625623
625807
625869
625913
626196
626206
626244
626500
626623
626695
626975
626978
626986
627033
627245
627249
627394
627478
627508
627725
627774
627798
628093
628114
628146
628146
628233
628265
628389
628438
628708
628799
628850
628932
628950
628958
629033
629081
629112
629151
629191
629278
629307
629374
629535
629633
629645
629799
629871
629967
629987
630042
630114
630232
630244
630281
630330
630429
630460
630585
630652
630688
630880
630885
631439
631541
631794
631853
631868
632129
632170
632181
632226
632339
632373
632399
632488
632626
632692
633227
633442
633557
633734
633744
633778
633835
633855
633926
633953
634122
634140
634216
634229
634699
634795
634808
634817
634833
634919
634950
634958
635107
635275
635530
635719
635853
635859
635896
635938
636038
636173
636181
636195
636202
636236
636312
636322
636428
636756
637046
637080
637094
637235
637255
637256
637529
637531
637601
637622
637654
637657
637683
637878
637903
637909
638046
638054
638068
638214
638600
638697
638708
638731
638774
638916
639055
639085
639117
639183
639338
639437
639498
639530
639536
639596
639885
639885
639897
639951
640300
640330
640625
640725
640840
640885
641009
641059
641130
641391
641406
641478
641769
641929
642082
642249
642764
642764
643304
643461
643536
643572
643613
643718
643813
643856
643954
644012
644077
644147
644193
644206
644321
644444
644519
644545
644583
644897
645099
645688
645752
645869
646038
646145
646158
646254
646341
646610
646889
646928
647268
647273
647340
647391
647402
647585
647629
647634
647743
647763
647789
647874
647948
647998
648064
648207
648232
648394
648419
648444
648710
649236
649291
649490
649508
649511
649521
649566
649725
649783
650017
650159
650165
650215
650240
650241
650465
650489
650883
650910
650914
651022
651094
651221
651237
651262
651447
651447
651533
651583
651677
651688
651890
651907
652091
652237
652266
652405
652590
652665
652857
652942
653028
653141
653147
653282
653298
653533
653542
653617
653627
653690
653942
653977
654020
654450
654486
654642
654681
654748
654762
654853
654881
655144
655342
655469
655481
655516
655659
655783
655985
656161
656364
656510
656608
656631
656637
656705
656741
656793
656880
656948
656951
656958
657011
657084
657416
657432
657489
657523
657665
657669
657726
658014
658054
658057
658237
658380
658393
658419
658637
658679
658748
658820
658821
659025
659098
659266
659272
659302
659402
659597
659905
660074
660094
660307
660311
660368
660678
660750
660825
660867
661068
661107
661234
661287
661351
661382
661589
661903
661951
661964
662007
662044
662199
662317
662412
662439
662439
662528
662637
662941
662961
663493
663911
664316
664450
664519
664723
664754
664879
664908
664921
665013
665055
665151
665189
665223
665287
665368
665398
665543
665738
665744
665827
665845
665852
665972
665989
666008
666038
666072
666104
666475
666526
666580
666777
667050
667205
667251
667316
667430
667488
667497
667819
667863
667990
668002
668395
668428
668455
668462
668472
668505
668778
668850
669261
669334
669433
669436
669874
669972
670114
670426
670463
670561
670667
670724
670838
670913
670968
671023
671137
671139
671141
671324
671549
671735
671908
671915
672021
672064
672270
672515
672606
672627
672735
672749
672898
673154
673344
673351
673383
673387
673540
673561
673729
673784
673786
673862
674481
674565
674683
674721
674726
674867
675020
675032
675206
675244
675480
675507
675911
675979
675998
676025
676272
676299
676324
676365
676429
676504
676552
676647
676670
676872
676876
676963
676972
677150
677150
677173
677233
677456
677491
677560
677694
677718
677732
677734
677747
677899
677982
678030
678064
678077
678179
678225
678228
678452
678568
678579
678660
678665
678811
678868
679147
679229
679305
679453
679504
679555
679603
679669
679734
679764
679838
679863
679948
680046
680124
680267
680339
680498
680688
680724
680863
681032
681303
681366
681493
681525
681616
681760
681780
681856
682025
682036
682211
682381
682567
682578
682629
682722
682766
683019
683054
683117
683183
683192
683289
683538
683564
683645
683898
683939
683977
684087
684147
684285
684370
684460
684556
684696
684853
684904
685311
685447
685480
685970
685999
686087
686137
686140
686264
686338
686485
686575
686700
686869
687009
687021
687032
687112
687232
687363
687642
687708
687713
687745
687869
687894
688156
688331
688355
688359
688395
688403
688507
688639
688641
688671
688688
688753
688769
688897
688930
689069
689358
689374
689404
689459
689637
689661
689752
689771
689862
689936
689948
689955
689982
690138
690366
690386
690404
690893
690939
690954
690979
691111
691131
691179
691313
691343
691449
691539
691677
691835
692025
692098
692156
692202
692334
692449
692471
692569
692697
692748
693006
693036
693292
693411
693538
693659
694040
694043
694185
694439
694509
694614
694837
694857
694898
695138
695164
695258
695340
695449
695472
695631
695908
695916
695918
695951
695992
695994
696084
696140
696335
696398
696409
696511
696775
696803
696915
696971
697210
697228
697242
697269
697424
697569
697605
697647
697690
697754
697878
698109
698673
698703
698741
698743
698950
698976
699011
699099
699123
699188
699379
699440
699448
699625
699665
699692
699771
699788
699840
699860
699872
699976
700145
700239
700260
700581
700617
700668
700775
700999
701149
701160
701236
701258
701270
701290
701326
701352
701416
701650
701817
701819
701846
702104
702180
702283
702289
702421
702474
702527
702648
702679
702877
702907
703314
703334
703439
703493
703566
703628
703675
703968
704118
704209
704379
704407
704416
704610
704636
705134
705143
705153
705167
705454
705509
705665
705701
705848
705913
705964
705982
706049
706054
706171
706313
706371
706381
706388
706431
706899
707203
707287
707477
707506
707566
707619
707687
707748
707763
707859
707901
708152
708193
708228
708512
708555
708592
708598
708646
708723
708821
709056
709072
709085
709094
709221
709399
709692
709709
709788
709819
709898
709906
709925
710003
710013
710296
710399
710448
710480
710794
710922
710935
711029
711133
711136
711215
711232
711460
711482
711658
711721
711739
711956
711975
712006
712128
712198
712225
712294
712350
712424
712545
712911
713117
713154
713239
713306
713423
713447
713457
713457
713467
713487
713492
713687
714247
714254
714366
714407
714474
714592
714784
714800
714919
715044
715388
715476
715569
715674
715692
715717
715880
715995
716185
716296
716336
716337
716346
716415
716493
716507
716536
716584
716668
716692
716743
716798
716843
716982
717196
717246
717393
717411
717452
717505
717696
717711
717802
717932
718014
718061
718065
718202
718248
718308
718458
718530
718600
718667
718708
718800
718906
719014
719057
719289
719461
719467
719470
719577
719578
719698
719705
719773
719808
719825
719945
719947
719970
719973
720035
720255
720552
720974
721042
721103
721202
721205
721279
721512
721593
721651
721724
721797
721869
722048
722058
722121
722182
722348
722456
722687
722704
722707
722724
722729
722750
723028
723277
723280
723345
723442
723537
723561
723726
723739
724208
724308
724419
724458
724482
724639
724664
724724
724833
724875
724966
725086
725255
725288
725653
725712
726029
726195
726212
726299
726333
726363
726434
726573
726701
726703
727005
727192
727247
727399
727534
727840
728071
728083
728134
728137
728256
728271
728301
728434
728478
728533
728750
728885
729040
729087
729124
729182
729338
729355
729452
729518
729891
729898
730080
730086
730129
730203
730430
730489
730560
730658
730678
730704
730736
730778
731078
731100
731168
731227
731318
731344
731395
731440
731453
731599
731886
731930
731954
732003
732013
732383
732465
732475
732485
732487
732523
732597
733015
733051
733090
733180
733385
733393
733427
733484
733502
733692
733704
733808
733934
733967
734043
734081
734190
734193
734502
734766
734870
735200
735419
735440
735568
735606
735610
735612
735772
735836
735997
736048
736054
736187
736226
736381
736572
736785
736820
736902
736951
736975
737063
737147
737174
737184
737299
737354
737398
737430
737517
737623
737679
737679
737714
737788
737803
737854
738007
738017
738052
738313
738411
738430
738466
738598
738635
738636
738749
738792
738838
738854
738936
739070
739102
739151
739271
739419
739497
739720
739822
739864
739912
739971
740019
740020
740148
740331
740367
740530
740533
740572
740610
740679
740747
740790
740803
740861
740919
740982
741103
741162
741163
741291
741320
741543
741600
741727
741788
741859
742176
742298
742311
742391
742454
742472
742515
742611
742623
742719
742748
742784
742803
742936
742987
742999
743128
743220
743472
743478
743579
743681
743766
743953
743973
743988
744116
744541
744686
744727
744745
744747
744777
744849
744916
745084
745196
745301
745430
745624
745866
745924
746089
746103
746156
746160
746170
746343
746446
746590
746623
746644
746756
746872
747336
747355
747377
747410
747467
747587
747652
747812
748409
748577
748621
749002
749011
749032
749056
749166
749282
749316
749340
749381
749465
749470
749562
749627
749874
750025
750090
750193
750216
750405
750462
750471
750610
750633
750890
750902
751224
751323
751426
751544
751570
751797
751807
751916
752187
752234
752268
752289
752514
752661
752994
753085
753111
753173
753190
753292
753373
753391
753543
753549
753646
754063
754125
754217
754274
754327
754362
754577
754603
754622
754664
754724
754728
755203
755222
755226
755278
755385
755504
755564
755638
755659
755733
755787
755945
756592
756604
756675
757085
757106
757129
757218
757254
757257
757363
757377
757521
757547
757580
757603
757677
757798
757907
757929
757996
758168
758325
758369
758442
758586
758726
758842
758933
758937
759048
759200
759308
759486
759665
759690
759701
759890
760059
760080
760110
760244
760283
760301
760330
760331
760374
760430
760548
760581
760669
760951
760956
761100
761177
761224
761246
761261
761463
761488
761504
761534
761535
761549
761747
761849
761991
762020
762065
762243
762329
762435
762439
762503
762638
762703
762728
763134
763190
763356
763363
763374
763390
763401
763428
763610
763784
763796
763977
764203
764390
764415
764666
764751
764768
764812
764932
764963
765095
765282
765289
765394
765533
765720
765908
766072
766101
766258
766300
766327
766345
766362
766399
766428
766583
766604
766614
766696
766774
766962
767006
767058
767566
767618
767750
767876
767931
767993
768257
768545
768548
768741
768833
768891
768907
769269
769480
769506
769520
769604
769830
769959
770300
770510
770528
770689
770705
771074
771146
771418
771648
771847
771905
771932
771947
772233
772243
772405
772787
773028
773234
773478
773505
773605
773723
773883
773906
773931
773933
773959
773990
774054
774085
774090
774098
774169
774266
774409
774676
774689
774703
774803
774843
775143
775249
775709
775727
775743
775747
775768
775909
776008
776037
776121
776140
776186
776347
776762
776877
776936
776996
777015
777080
777137
777169
777289
777349
777356
777486
777533
777593
777599
777666
777669
777777
777814
777901
777996
778235
778378
778560
778581
778706
778844
778931
778997
779034
779122
779129
779188
779273
779454
779631
779768
779833
779845
780206
780336
780477
780866
781039
781423
781553
781644
781685
781916
781989
782122
782211
782249
782272
782377
782452
782496
782631
782644
782802
782925
783026
783371
783668
783864
783993
784020
784203
784379
784400
784410
784446
784619
784687
784740
784902
784990
785315
785361
785457
785560
785681
785756
785767
785768
786115
786399
786434
786607
786642
786767
786988
787076
787509
787562
787613
787817
787840
788014
788030
788290
788453
788599
788779
788904
788961
789230
789232
789251
789461
789647
789711
789716
789828
790064
790169
790208
790674
790694
790790
790903
790905
790986
791226
791276
791318
791420
791476
791615
791626
791927
791952
792220
792360
792574
792739
792796
792822
792839
792943
793031
793039
793458
793838
793853
793917
793993
794056
794065
794117
794182
794185
794230
794397
794608
794702
794766
795164
795271
795358
795379
795682
795711
795719
795738
795769
795852
795867
796062
796349
796401
796515
796530
796568
796612
797135
797178
797208
797241
797264
797273
797302
797373
797446
797865
797880
798203
798512
798554
798676
798718
798825
798868
799052
799273
799519
799694
799749
799811
800214
800235
800355
800505
800573
800671
800882
800921
800925
800979
800991
801046
801052
801131
801336
801365
801365
801629
801868
801944
802168
802214
802505
802529
802642
802704
802778
802780
802910
802928
802988
803044
803051
803453
803506
803530
803820
803828
804023
804093
804126
804231
804339
804353
804374
804471
804636
804648
804845
804890
805024
805289
805598
805654
805684
806007
806038
806081
806083
806381
806399
806514
806740
806844
806942
807088
807145
807339
807352
807357
807372
807391
807436
807540
807588
807661
807769
807981
808000
808042
808047
808074
808160
808307
808356
808359
808484
808536
808721
808879
808961
808993
809050
809646
809801
810099
810119
810142
810379
810387
810499
810604
810656
810766
810767
810769
810793
810991
811024
811056
811176
811355
811438
811453
811488
811624
811646
811812
811913
811941
812042
812452
812522
812601
812730
812905
812939
813267
813331
813456
813486
813491
813555
813622
813734
813814
813903
813968
814078
814319
814407
814460
814500
814596
814622
815019
815112
815235
815513
815546
815551
815560
815579
815640
815758
815811
815920
815946
816024
816243
816298
816559
816608
816773
816897
816952
817283
817819
817925
818145
818339
818440
818557
818725
818913
819017
819044
819063
819071
819132
819215
819243
819323
819583
819915
819976
819983
820009
820054
820094
820139
820508
820509
820510
820611
820627
821034
821395
821398
821432
821449
821850
821909
821964
822236
822408
822510
822560
822738
822786
822878
823052
823347
823412
823508
823532
823849
823987
824073
824222
824229
824474
824547
824562
825044
825071
825076
825111
825398
825499
825649
825806
825823
825937
825993
826015
826061
826117
826191
826261
826714
826938
827297
827331
827591
827791
827796
828019
828240
828273
828296
828300
828339
828477
828600
828629
828714
828840
828854
829008
829180
829263
829270
829484
829663
829726
829965
829995
830031
830624
830762
830765
830880
831253
831397
831413
831641
831934
832124
832375
832539
832578
832586
832890
832946
833014
833201
833251
833253
833308
833331
833504
833602
833918
833960
834106
834133
834222
834317
834350
834352
834441
834524
834525
834555
834560
834593
834615
834650
834788
834821
834824
834843
834927
834961
835123
835415
835427
835501
835582
835605
835648
835730
835849
835856
835868
835898
836000
836022
836567
836684
836687
836785
836878
836896
837053
837109
837126
837287
837451
837645
837977
838071
838077
838374
838394
838457
838481
838556
838587
838684
838692
838744
838791
838839
838911
838915
838958
839113
839338
839470
839555
839713
839722
839728
839996
840094
840227
840535
840554
840653
840749
841146
841484
841574
841580
841716
841747
841779
841792
841856
841886
842032
842213
842219
842258
842302
842343
842399
842433
842517
842596
842618
842668
842681
842951
843112
843124
843205
843540
843894
843918
843987
844190
844321
844473
844869
845071
845096
845174
845362
845470
845501
845707
845810
845911
845982
846230
846389
846413
846636
846742
846791
846879
846932
846934
847001
847137
847404
847430
847646
847853
847872
847947
847963
847977
848076
848237
848309
848362
848369
848534
848620
848622
848744
848749
849001
849246
849345
849539
849772
849906
849935
850164
850291
850374
850606
850695
850711
850803
851185
851346
851379
851686
851713
851802
851835
851861
851899
852151
852208
852235
852307
852362
852370
852429
852432
852436
852486
852506
852709
852728
852731
852789
852873
852954
852973
853423
853632
853644
853713
853724
853772
853777
853908
853930
853932
853977
854003
854004
854050
854110
854149
854277
854296
854382
854406
854595
854602
854605
854619
854662
854888
854925
855013
855301
855326
855640
855880
855996
856030
856192
856282
856307
856309
856376
856563
856973
857101
857276
857350
857370
857536
857845
858180
858396
858469
858518
858584
858625
858789
858850
858862
858933
859031
859113
859205
859232
859241
859344
859382
859383
859400
859528
859633
859658
859776
859867
859888
859948
860164
860307
860532
860581
860587
860634
860721
860754
860965
860999
861077
861121
861153
861185
861629
861680
861724
861792
862093
862403
862508
862554
862641
862683
862701
863080
863203
863235
863240
863286
863295
863313
863351
863400
863465
863473
863784
863830
864008
864074
864282
864289
864299
864305
864326
864402
864413
864521
864791
864810
864828
864993
865172
865371
865451
865604
865756
865812
866029
866045
866115
866142
866424
866442
866455
866555
866718
866885
866926
866971
866996
867127
867253
867466
867508
867544
867594
867653
867794
867913
868046
868062
868129
868190
868283
868397
868431
868598
868649
868858
868972
869027
869141
869157
869242
869263
869291
869474
869586
869669
869680
870020
870070
870198
870266
870279
870359
870453
870674
870876
870935
870975
871211
871236
871237
871341
871448
871476
871588
871646
871806
871879
871915
872030
872087
872180
872215
872232
872404
872506
872565
872662
872773
872793
872979
873049
873376
873386
873478
873510
873548
873671
873699
873809
873837
874015
874274
874351
874396
874454
874458
874466
874610
874781
874915
874926
875271
875448
875495
875554
875833
875838
876293
876321
876403
876439
876500
876531
876776
876790
876843
876941
877067
877321
877365
877485
877564
877630
877635
877660
877685
877801
877852
878069
878069
878109
878116
878258
878332
878401
878435
878526
878642
878672
878704
878709
878728
878742
878920
879181
879214
879380
879497
879541
879750
879784
880009
880049
880095
880119
880146
880380
880478
880508
880631
880635
880743
880834
881169
881355
881473
881514
881636
881636
881683
881755
881775
881819
882028
882124
882231
882274
882396
882557
882610
882736
882931
882935
882939
882951
882983
883004
883005
883085
883187
883197
883221
883227
883272
883348
883534
883615
883697
883703
883763
883853
883857
883890
884012
884029
884030
884435
884553
884694
884708
884768
885193
885285
885329
885336
885367
885451
885602
885625
885813
885890
886239
886261
886469
886536
886684
886720
886849
887198
887224
887310
887376
887585
887652
887673
887683
887830
887839
887917
887961
887964
887993
888086
888086
888114
888169
888178
888294
888360
888410
888523
888555
888746
888798
888829
888835
888883
888888
888961
889232
889325
889364
889459
889524
889545
889834
889861
889953
889978
890238
890493
890694
890831
890880
890989
891177
891332
891435
891534
891579
891726
891769
891782
891899
892080
892100
892144
892181
892192
892299
892635
892788
892824
893040
893109
893268
893300
893341
893371
893561
893842
894007
894068
894300
894369
894393
894394
894398
894875
894923
895182
895201
895647
895678
895714
895763
895787
895828
895857
895915
895983
896059
896103
896132
896146
896358
896493
896565
896931
896991
897179
897362
897387
897447
897491
897579
897737
898176
898227
898264
898322
898381
898419
898451
898526
898639
898655
898707
898747
898832
898904
899229
899239
899309
899313
899367
899395
899483
899663
899714
899842
899845
899963
900130
900208
900447
900703
900966
901126
901134
901423
901435
901800
901977
901983
902269
902410
902420
902471
902590
902639
902642
902767
902796
903185
903304
903309
903317
903415
903466
903521
903553
903724
903790
903828
903994
904050
904121
904218
904407
904416
904423
904539
904565
904702
904778
904786
904834
905102
905113
905130
905196
905309
905421
905548
905565
905586
905716
905777
905840
906008
906073
906189
906239
906262
906311
906515
906517
906524
906525
906528
906746
906767
907036
907044
907207
907227
907246
907346
907377
907535
907764
907976
908024
908057
908120
908273
908315
908449
908610
908705
908834
908953
909014
909235
909347
909668
909736
909893
909972
910004
910065
910160
910468
910526
910670
910873
910907
911148
911290
911363
911415
911685
911914
912102
912117
912175
912186
912362
912364
912491
912534
912751
912778
912923
913032
913136
913308
913496
913596
913661
913674
913771
913850
913943
914142
914368
914375
914646
914834
914944
915008
915066
915192
915280
915604
915723
915876
916017
916503
916833
916901
916939
916940
916983
917137
917180
917239
917324
917358
917657
917764
917782
917870
917965
918039
918180
918239
918387
918436
918601
918669
918685
918759
918766
918794
918846
918863
918929
919104
919173
919183
919266
919285
919475
919478
919693
919933
919982
920063
920150
920466
920670
920710
920819
920828
920880
921052
921081
921168
921239
921481
921639
921644
921680
921740
921817
921830
921899
921996
922008
922421
922437
922549
922622
922766
922823
922834
922860
923015
923101
923110
923227
923349
923506
923578
923695
923750
923858
924098
924327
924358
924396
924412
924423
924427
924588
924692
924825
924960
925139
925164
925440
925465
925720
925770
925814
926086
926131
926320
926336
926458
926687
926729
926746
926822
926866
927062
927096
927595
927686
927703
927765
927827
927874
928039
928273
928345
928491
928578
928734
928839
928926
928974
929028
929110
929146
929245
929301
929683
929758
929836
929838
929870
929993
930123
930148
930260
930410
930546
930725
930821
930872
930882
930938
931073
931429
931546
931655
931692
931770
931902
931921
932231
932256
932274
932456
932499
932750
932809
932875
932943
933038
933049
933111
933219
933220
933226
933237
933542
933552
933669
933698
933773
933846
933847
933936
934090
934256
934304
934386
934593
934595
934735
934774
934926
934985
935022
935157
935435
935509
935671
935726
935732
936153
936373
936701
936749
936771
936780
936781
936814
936872
936917
936996
937061
937115
937144
937154
937154
937209
937390
937468
937500
937530
937555
937637
937689
937917
938106
938167
938417
938455
938574
938580
938636
938659
938704
938840
938929
939101
939159
939232
939238
939335
939497
939622
939710
939711
939865
940034
940034
940291
940309
940358
940544
940617
940621
940677
940836
941068
941239
941410
941439
941443
941638
941671
941795
941906
941993
942206
942208
942210
942396
942413
942414
942429
942493
942579
942648
942792
942957
942976
943005
943063
943214
943248
943321
943476
943492
943524
943580
943653
943657
943974
943979
944056
944091
944213
944274
944298
944706
944884
944895
944924
945169
945241
945577
945736
945788
945790
946013
946067
946194
946286
946448
946492
946518
946716
946837
946848
946940
946943
947022
947245
947295
947342
947347
947438
947497
947553
947605
947744
947752
948145
948545
948592
948605
948619
948718
948768
948783
948803
949186
949254
949658
949671
949886
950002
950039
950256
950277
950379
950473
950542
950757
950857
950922
950960
951018
951058
951066
951083
951168
951206
951398
951686
951708
951730
951856
951940
951970
952181
952361
952555
952567
952577
952615
952773
952961
953010
953084
953255
953274
953791
953911
954235
954289
954333
954333
954456
954545
954683
955006
955016
955134
955143
955239
955254
955412
955770
956010
956011
956026
956070
956089
956097
956125
956176
956492
956651
956862
957153
957430
957438
957615
957636
957885
958040
958067
958146
958155
958192
958324
958373
958503
958599
958614
958673
958712
958779
958809
958985
959031
959095
959151
959402
959446
959541
959646
959713
959728
959764
959785
959835
959856
959874
959906
960118
960229
960314
960439
960462
960487
960734
960774
960786
960979
960995
961233
961235
961240
961317
961456
961550
961559
961559
961587
961597
961727
961836
961950
961984
962049
962279
962312
962340
962364
962377
962443
962450
962620
962642
962649
962700
962720
962725
962966
962978
963016
963115
963196
963250
963329
963365
963429
963465
963625
963635
963731
963739
964157
964316
964898
964996
965008
965019
965354
965463
965584
965591
965760
965944
966017
966087
966118
966154
966413
966451
966471
966729
966819
966865
967105
967152
967211
967282
967338
967346
967368
967395
967509
967514
967525
967585
967618
967690
967702
967735
967742
967943
967991
967993
968003
968006
968035
968049
968134
968172
968192
968256
968382
968554
968607
968665
968670
968754
968810
968893
968904
968914
968921
968992
969064
969326
969342
969534
969659
969759
969783
969839
969979
969992
970049
970152
970236
970317
970569
970582
970597
970699
970927
970957
970979
971075
971286
971410
971531
971938
972096
972193
972194
972246
972294
972482
972586
972588
972740
972763
972803
972919
972927
972935
972943
973218
973295
973463
973511
973822
973833
973983
974033
974138
974204
974276
974321
974358
974401
974476
974560
974626
974736
974950
975046
975195
975333
975348
975371
975658
975687
975706
975902
976035
976191
976192
976202
976452
976523
976693
976899
976980
977233
977377
977420
977471
977692
978007
978025
978051
978193
978210
978365
978517
978547
978649
978827
978910
978940
979042
979076
979076
979434
979521
979582
979803
979947
979997
980020
980029
980051
980069
980098
980111
980271
980300
980301
980381
980495
980608
980634
980652
980758
980798
980820
980877
980975
981047
981235
981236
981341
981452
981500
981578
981589
981630
981725
981798
981808
981916
982029
982040
982115
982131
982259
982292
982308
982375
982488
982520
982762
982953
983185
983325
983613
983783
983812
983849
983934
983993
984073
984277
984280
984417
984492
984846
984848
984895
984910
984978
985025
985085
985106
985109
985187
985205
985219
985326
985369
985379
985417
985425
985449
985640
985700
985800
986023
986027
986251
986283
986292
986308
986418
986524
986569
986593
986783
986906
986960
987103
987115
987141
987354
987418
987432
987449
987613
987930
988002
988068
988089
988187
988400
988530
988576
988617
988661
988745
988850
988912
988972
989032
989091
989192
989390
989491
989539
989544
989688
989693
989794
989805
990110
990128
990150
990339
990374
990450
990490
990614
990667
990668
990691
990696
990720
990774
990850
991060
991250
991270
991398
991404
991427
991484
991500
991596
991775
991823
991889
991913
991980
992057
992084
992124
992142
992347
992556
992757
992867
993013
993017
993141
993193
993202
993210
993232
993376
993509
993738
993791
993908
993959
994019
994597
994646
994732
995195
995223
995437
995656
995806
995898
996047
996073
996111
996148
996296
996469
996533
996708
996715
996914
997081
997372
997397
997513
997607
997652
997719
997720
997766
997868
997904
997971
997983
998158
998267
998326
998538
998542
998563
998635
998637
998895
998911
998945
999109
999114
999140
999171
999340
999345
999354
999627
999650
999743
999866
999939
999988
