879100
70008
648057
648040
371542
887310
612668
834092
851233
683731
827389
916493
399706
466440
130747
827741
569285
57172
237684
136552
858176
655307
839887
346273
388269
408559
208140
251079
485167
168521
818620
777499
293284
121362
759758
367190
596563
113453
528340
441382
290662
131309
57701
479789
246584
437573
241300
924185
176479
5396
56410
287074
472648
398996
862943
659355
997294
888821
153058
846974
227222
375931
211875
234165
731694
121057
135338
894120
172866
950191
786036
345700
48258
394935
949595
602743
910693
646089
4694
466935
319943
725706
632221
880362
792686
189159
832493
330190
821971
867647
119325
956085
506814
106027
539567
487247
649239
587946
544760
740921
335500
911153
916875
555976
787086
574802
596300
310524
977151
35727
452053
194996
398672
758688
954269
163649
769601
276104
624759
218774
885011
739383
721907
162606
589940
287180
11977
161584
930097
712245
221695
747568
260982
296731
599542
356392
453179
213805
815657
588598
241915
503288
4567
784175
112487
76100
450572
677039
663794
355900
660625
968306
78955
147370
639538
730411
12943
256823
62128
646126
7024
564448
663988
719655
907178
530599
590563
772762
840665
66009
9223
47146
214284
465541
766401
191647
703403
972058
165620
835681
33329
909250
214261
366125
264740
72884
377936
407966
436843
853393
628966
874986
690212
889278
644816
806952
655966
220398
790726
386012
37107
358652
209398
81902
165250
970958
598525
547586
801210
802264
198055
817445
687146
694929
126969
318690
511658
821111
51430
235182
823059
432387
472457
32797
230227
776129
585004
801552
347575
946053
290227
416094
655182
364488
43931
374600
645557
128818
550178
341215
27445
765248
799856
772887
221240
858665
783583
764277
615663
103291
195960
44521
811908
942769
222457
610612
300789
379669
970580
16410
108341
807433
723857
609356
50887
677150
621463
307032
425220
922928
997176
456138
301156
693444
152045
591885
765736
218020
439843
554397
34012
783563
757843
153323
907626
198346
38326
44801
604278
935224
897593
204211
802608
54879
972845
643936
676727
232940
189157
417361
636168
821537
462971
216428
628829
279257
775679
756529
497913
77368
736735
487378
824656
884362
685163
204191
293456
108930
485170
510526
536117
97263
864209
964121
989423
264093
403021
667187
569675
660709
294589
359859
106390
35206
436857
736247
968103
426674
848450
603651
547892
744985
252443
895888
978756
251367
839911
587430
424321
137358
612520
561852
301071
751331
361531
451262
414008
211857
962836
788001
623093
492203
307801
28479
779488
79342
683320
438352
311330
234435
498404
639954
125472
501401
878036
691821
181598
845834
93988
999986
962385
957883
759285
845953
399397
150511
610052
674126
800459
50096
546435
798092
904468
707870
126575
675894
17674
194433
245491
151437
95256
25364
353093
384856
440452
739086
359509
602881
210263
859302
125609
995172
304837
730942
915197
22573
732525
832370
162156
131519
718738
955572
341598
852845
744887
390984
316418
603327
428758
543881
972084
246509
614077
34196
152205
966269
555519
71007
222221
606
957456
762086
297751
756015
967140
579930
526960
668246
44820
727121
169785
847665
361131
507112
325349
571760
690330
412822
704162
801526
366073
377809
439662
86766
286496
887527
938907
716941
326937
336181
501645
385141
144821
415586
630585
490028
589366
231542
973491
232408
545469
300843
675337
875911
612931
682482
173907
718809
965426
710631
611598
902403
315828
611326
656673
732373
222197
918010
133665
701278
862671
125287
316474
575463
833919
108441
811811
567998
248977
767026
709826
152305
113153
449265
533862
342257
459989
415538
288113
712234
442345
992724
406562
570704
710066
513090
373535
452298
90978
86314
875691
157613
677797
939372
61109
223459
666397
985031
726475
627278
315311
855533
19574
106810
680612
353764
836119
416117
729985
107290
706209
83723
599968
452205
4003
530334
764874
649451
799389
579106
895324
335311
221434
375487
176361
16615
651993
633500
422566
661934
512619
187607
50672
531848
456031
434148
71112
517257
896374
420360
856110
615218
706278
397720
73011
762576
200940
184329
647393
383425
910908
719208
40261
607318
3651
419843
887157
682406
720730
593987
117399
398573
449936
235529
631378
292271
606918
533026
651964
342799
704369
858746
157597
806972
864858
126797
363153
8453
658939
144372
187625
181811
589952
485416
974797
745782
26532
843513
879351
314634
994696
431762
592628
602725
791134
59598
642039
862515
94482
690249
990713
378864
359295
657562
308779
278199
484763
175653
148273
947079
232603
518760
858338
779849
642124
663414
565999
124994
348796
978144
85178
399798
950239
642996
606214
580284
129898
750353
815842
325762
86380
923172
18022
757576
850122
837760
922063
176007
496802
381847
40297
117866
962540
194917
315650
555773
898918
726685
670607
486882
355029
794861
740204
445709
882973
271186
185948
899216
491732
542458
911731
384598
989273
451551
204796
417061
659882
196252
789081
281989
898626
62921
641344
648601
69658
71900
443685
98955
420607
7549
990391
139457
354987
817165
741430
87879
149297
98101
407649
458313
269200
793678
648470
308006
660898
654206
138399
202771
883007
484371
34124
791628
383310
80929
28101
514411
220240
404809
696765
104819
620151
972954
841533
352798
523050
85630
853423
728583
712720
735029
854031
985629
973481
626037
766114
324098
407375
857421
468240
356534
632367
552722
497323
72907
392962
420646
234036
384534
211297
650410
258291
352428
727960
530483
969968
676876
618473
315075
593151
217137
423641
283911
499195
138754
958489
798403
521204
287516
396784
521867
134907
900004
642671
719816
48840
283536
926756
2202
848081
250576
989198
999033
728836
745169
760988
113082
168763
480283
655540
78380
759512
7473
153135
354464
822621
934752
622678
126641
307313
487287
499911
125559
64046
841406
826141
645616
731951
23221
727596
508396
114323
835046
315183
457160
391894
742777
973708
117537
638460
263514
808734
777519
412408
266516
734388
620593
482610
384370
325578
705888
378705
478539
995516
819641
151038
47256
770341
283408
796686
174323
730728
959266
929575
674188
695614
641861
52275
723671
17439
320053
529482
310550
440631
278616
214974
235970
492841
999950
899193
272701
742459
265693
493789
56260
643073
528870
54577
497843
742639
568622
384853
634646
369439
433777
319006
666649
331398
588618
294566
433180
875167
676173
217260
612100
127030
858765
967620
688494
565090
285429
395609
541062
823323
577849
345277
755763
986049
138502
229117
78719
776042
181997
386059
141354
713531
614891
744921
494023
77003
928645
20036
219996
622368
828285
283521
925809
12513
937638
637695
502961
333903
577714
238395
184525
287357
527757
108619
28123
654811
717751
28862
310133
110923
853269
782039
881695
595217
523759
612380
291839
733531
235462
583811
326685
392468
534863
762843
653591
382013
973988
783743
187217
517314
205401
993890
927142
758944
350001
208072
441857
212434
839707
271374
372564
391214
848223
574793
443899
888982
628962
407925
920306
366994
468318
2180
540172
38310
360057
901536
123138
221995
964730
398812
743224
31587
115519
550831
18021
250647
889026
706042
194899
87065
798918
513346
837524
697204
535590
378125
777054
207552
819378
684706
918111
525547
194456
558133
687221
891285
84760
430807
687004
474481
521771
495507
76396
294080
344883
810261
822130
155199
842676
770769
617666
197670
85071
136713
305842
625394
986076
939765
379311
594642
636194
871877
905046
980232
196532
756811
787598
971112
363465
829177
760669
964406
133329
551008
229209
587602
944324
491135
386223
73517
419494
632405
213558
46963
432067
126308
959799
142937
295613
789276
920176
812296
221431
144032
843958
682863
728917
563782
296385
565789
886768
510090
735330
516152
515189
873297
154736
173274
78521
881622
248479
232337
171588
659993
175775
464993
769444
699481
822368
961390
526938
481220
400279
591403
780483
282958
547585
718399
623340
664092
833809
81622
216618
908890
947098
460896
495718
891363
696875
839799
731801
256003
753556
68085
632512
671364
935870
482291
604871
296654
540244
99027
264066
343460
789748
504802
811478
428061
175516
456724
770858
36123
258797
472746
107024
970144
531637
679770
799593
163515
911569
831117
421830
218549
942310
306099
280204
845630
177118
537226
539258
67146
241493
148239
93608
211156
792972
243588
724090
890243
647623
237595
617267
639598
666986
616318
803569
775715
509183
846420
105502
742558
518485
576065
528609
539649
458215
57843
656760
893951
623646
433326
206298
120896
307774
798122
232068
122942
380229
919356
116994
160405
931330
204556
891765
381654
909550
257837
152818
950985
679088
415170
205301
594775
974210
909771
643382
687554
471586
497566
511287
24904
934898
3036
335647
742359
579169
799228
797795
438885
753907
668751
774727
879390
253308
551236
721945
870121
144758
238727
480621
313891
600786
977132
151142
294635
802730
289174
494895
553488
267087
909615
132665
113336
701670
461292
825539
239836
45313
588661
938891
484406
950569
117305
102677
7558
967611
895285
183663
419155
187449
801520
5930
332632
267392
971188
669968
149628
749477
468904
330946
97228
103486
440138
209731
735178
329951
179197
663637
702177
70433
346106
825352
116658
626586
178545
215160
771479
794150
102891
571923
487427
972426
932169
89169
556295
272081
665603
204087
207320
632829
943418
616234
184532
33239
767782
532056
882515
746612
120131
291114
805972
606109
384378
211392
632686
149310
446424
236606
242135
368268
538965
893583
345569
574415
716271
451036
652918
782609
92340
2361
89872
340893
899132
907655
911110
104019
856711
13177
16643
14075
164381
896770
215532
573645
347270
187362
337385
861193
70138
199845
221536
667263
732332
368434
259138
882403
857912
539045
507183
996507
910431
869495
642743
668261
621497
598648
642880
525398
204410
434009
822331
534516
467476
497859
46087
152318
481423
754707
267434
301890
270096
382466
184546
772949
291407
893602
754032
620459
979113
260983
987884
156920
360440
968279
157576
759442
424767
275768
953835
795974
355871
835676
20339
930799
918829
101113
181096
160910
970488
16544
775068
643506
125235
777451
969969
422595
993650
518584
920808
325211
511647
443230
696793
683465
417548
986595
573786
470738
168058
21890
371470
95372
838680
447107
774523
263406
50312
944296
460352
158999
339292
678988
801922
823024
543190
26311
224077
547098
838147
400292
682086
830185
994389
904788
488404
451214
346517
717884
864520
894516
71418
412916
769501
275747
362446
99405
428050
382258
107079
239824
548662
273003
462108
204904
622661
91494
447853
249663
605427
402896
578171
822737
405794
39279
498190
551458
24714
403981
330661
875537
885540
693654
713023
415178
455686
364967
737708
488089
598804
874493
215922
184968
958124
394371
210270
465271
668865
757903
506984
861301
221086
670916
786649
598950
952726
912515
382341
896950
948745
98612
145113
14
692
17372
438324
81568
848356
916296
640460
300383
143446
172479
165347
216639
636552
131299
388565
592809
119794
839562
849743
925179
753390
519572
652298
407021
544309
120703
423659
186309
793954
251916
811214
99822
544353
470402
933931
188023
251936
263493
181040
90520
577825
525801
397337
921885
502779
389833
146192
464947
296822
296966
192634
432448
62347
236427
616371
930411
181350
248599
654110
776878
433353
54142
826105
730040
119948
760063
848795
849395
601360
920912
6168
657963
870868
177178
569335
415896
196290
366293
79604
166006
637801
438623
690413
60256
411397
73601
694648
762586
481890
694046
706375
120336
42728
369448
243121
444557
344559
501957
366128
863559
35246
560570
707251
867126
541902
87145
301457
664379
407256
371329
382591
986965
254761
265279
844670
994981
687356
617539
558700
54233
503036
879542
23308
262272
472736
175606
268356
227181
226340
84579
200823
565559
653760
522130
720073
219008
536875
804161
677801
702554
612875
589875
160328
835245
710081
161393
820006
802734
835036
350606
616102
397216
953212
182920
914859
807939
836674
723804
342239
546196
599685
509289
558808
368384
417983
52887
646010
303866
324175
58735
967067
351745
722528
952967
874259
295302
773360
100892
331874
241099
302238
781462
857731
381233
849877
57724
376812
789214
289304
373479
22679
141434
624147
503829
949563
926554
749791
731120
727508
855530
54811
323328
679020
85211
490624
25277
693801
32395
566431
533654
554264
831876
126368
919412
221702
514977
569506
997374
15325
811881
727198
856045
602825
2158
800165
424108
214593
415944
491407
176653
174831
595087
303771
815969
248937
777370
950558
675389
130608
398026
308629
115108
825908
401620
803821
219997
64171
430083
46462
251217
514434
733151
266815
921573
612425
886588
846569
947819
190412
828808
512438
584865
916729
756437
425045
365512
973640
101775
782900
430053
873483
356684
551991
642017
287407
665015
417953
285674
34681
158485
169714
849097
642342
254408
381354
895030
238287
782953
958028
883185
967151
830639
461218
34986
818246
169247
616565
530095
858853
99616
921088
277150
901723
581711
863768
479486
753194
889414
174154
551225
341513
881503
561525
133779
449556
999360
263170
847622
279112
136257
448392
811072
684430
288849
659452
152764
359723
32920
437744
576194
71739
311975
468650
602711
517615
223845
167265
563679
687749
410555
880495
976878
995414
871449
91467
840000
444199
912413
715386
109865
281259
879989
76921
215430
513775
662162
849233
910399
921968
298483
244515
75234
571010
784838
615925
854513
103997
55629
964177
273327
237199
543102
600070
85958
706278
319610
633859
380278
992177
742281
940966
828292
863270
123211
706177
837234
546270
152270
818915
59990
922259
704293
988977
989699
967357
418512
479513
735897
989700
761950
117824
958974
309971
514575
680916
770273
564703
521053
493491
601922
470169
956553
29633
728041
675525
921137
443704
636790
413112
373058
91255
50926
476031
351644
923274
897519
501134
127828
254852
557994
310512
660635
412944
821020
422953
611709
158839
724836
732490
67960
440089
474004
800039
710463
409546
314967
23738
739450
517263
475898
22025
179324
699260
276925
682976
900079
899711
151316
705194
998910
271633
522934
487480
598013
896218
127150
815734
840824
504650
120228
557839
381898
763421
683621
173576
946046
739999
96654
444309
97386
464010
239605
870335
591807
153560
154858
61153
338610
560331
506953
994736
768718
531000
516104
564493
133699
259207
279680
770128
184345
864713
712874
994999
869704
738710
682314
645617
539926
228697
193661
341876
278972
4878
413692
190862
174398
613179
585726
505799
145495
347187
873031
292309
96607
997543
822758
827871
385713
491691
125043
168197
487934
747644
449639
261267
839595
695375
705042
474450
969389
78391
497641
991775
329382
993488
746773
247971
550717
415909
245915
443783
812782
145853
697239
952873
400353
65559
649205
964393
992333
563547
217843
151560
405860
988121
95466
196674
463179
287181
9213
201154
771371
101582
774649
46386
481582
550584
302738
709188
416936
720031
545393
478092
510852
146279
314595
468380
420568
643410
369563
462425
672989
911616
824523
91993
585963
568698
40492
11427
441396
962236
125365
268044
868749
438275
77506
216106
281025
641289
316102
313720
406231
410371
433942
930695
941101
521235
198088
813658
200172
904657
197677
553350
707272
490967
89812
194450
437740
960796
918052
876168
125882
164740
195134
153949
118762
497709
572924
607642
487637
599287
798242
349802
559648
872661
469691
599134
943382
196881
711233
676113
967172
789708
929668
934668
945118
648662
604718
80604
186694
81322
858511
6599
111605
32451
785397
356731
770074
766402
621026
519873
293201
309999
199369
482680
634634
750909
236589
824311
554571
530083
953364
493015
56885
152877
333613
392595
559573
792112
417454
271914
83436
137935
7523
390563
918275
3310
793838
867864
671243
223807
106952
37176
230304
46956
662935
966144
511470
232546
581049
444651
863270
156386
139454
767225
774945
726227
771375
509360
478148
280830
602811
10389
697285
768653
386453
834141
461395
534800
921802
166087
537191
498481
501562
833802
721661
274151
447085
19312
773178
759347
936927
695965
769177
398645
751753
952175
822012
80797
402187
39030
308339
887994
456032
820742
244549
620897
502107
340593
501253
705910
659779
896023
952758
587321
384788
447536
510256
857361
720684
161883
38161
495944
92486
891574
252128
132076
395309
897919
750514
315273
226215
145666
14427
834829
152130
211333
64533
476810
364420
956269
305423
100558
652361
428440
125341
287223
209211
914641
854758
492435
973618
730687
825103
327507
15095
101873
985700
39002
752406
293432
762915
910035
511769
338517
930164
123513
715516
475662
126961
977375
328461
707637
358730
344697
859113
263560
915474
917449
19517
346740
541700
343033
648342
791337
884444
709996
190279
751033
31237
559363
914249
833456
766560
407431
298220
646088
172296
570184
525589
151676
949896
395483
542985
239785
612035
974695
893648
851180
992560
952723
18919
317148
59543
160334
501609
473939
535283
446058
13927
283942
338032
257446
485334
888526
992226
996612
576485
958107
761667
860209
505692
411902
607431
463105
281050
760798
278482
676845
367991
631673
30735
95529
428806
214169
224979
417441
855685
944597
197105
907095
63955
748314
741415
876355
902120
917618
806926
718155
693278
723449
844881
748520
273763
819395
51386
345239
92513
690658
858462
379902
777132
528786
336142
864804
12358
742125
938972
735879
953316
1932
299159
536688
674320
536899
946268
37544
296155
44763
734797
289862
979806
519022
124627
725713
903573
950426
288539
397753
824239
647761
942684
428531
57777
563055
613904
659336
275377
379267
38997
40829
610528
445025
238616
341977
767350
71421
302150
111663
771969
216329
128166
941523
408799
844389
178401
364839
763486
51770
18055
493483
943748
448394
69378
156003
894517
824740
502014
74465
259253
884844
744468
206510
790969
287831
877660
417094
164340
295368
658080
719340
124842
101672
707038
889497
379844
813554
29009
7816
580143
949481
355890
149733
595449
754747
278726
740530
937503
758731
798226
629943
138305
46558
931702
957283
944810
558446
468445
767130
858421
673058
412505
591555
212032
877911
610209
33709
358882
506016
663638
904878
941274
767639
852511
744478
564847
3867
319931
246304
461309
79960
18317
615772
861544
846548
549216
239928
167875
845137
261019
157437
719556
150163
785572
191111
858934
446661
414781
813019
460309
621478
784348
62785
491937
869383
686261
320892
983577
928648
842592
666991
308833
225800
461303
94882
272188
516265
161176
5637
977296
161355
350689
617858
452894
650299
784826
984941
667802
21168
150059
109856
269224
525148
194731
37054
320865
873870
486946
211520
154098
323458
528017
237106
134208
42556
796426
566028
943861
780911
388492
880245
903265
211394
160080
920386
711549
686892
455953
158224
500837
846394
781400
961231
240582
796287
490837
723925
989781
77534
830456
803201
115188
585968
952045
179478
571537
750654
695102
645715
826203
255745
956996
517413
870166
259441
595853
423898
881350
789921
256359
477654
369323
420392
254617
780845
428155
26054
562575
437822
688119
70791
443412
556098
987593
445077
993482
388554
801526
169797
525528
430520
848780
511535
845053
179970
53263
817521
736381
50423
765058
24079
904242
619412
200499
465107
341966
682362
248238
582413
478109
988718
238257
28112
445851
991875
509849
70210
242188
789595
960259
322451
853237
512151
684009
204855
365009
434618
936033
476661
615537
575562
102009
291606
38237
522247
276781
675982
980937
14688
31300
159440
158414
113530
74965
636328
252037
754917
676060
236030
571407
25232
23402
398067
855501
195321
490505
999071
451367
133596
154819
96256
40475
856840
270591
302783
165099
388220
618257
525478
73603
436202
274891
478125
315894
731621
139217
373258
501908
980881
645086
198991
44039
763320
381256
737856
600503
462670
946740
683090
771577
262743
101241
858801
734680
453900
590754
590752
71029
348848
542896
201614
844889
837509
730005
345841
500591
65757
927841
761821
71507
898278
556707
105826
773239
588091
388332
412387
933204
219308
91989
147907
785606
334784
411847
995082
814564
541412
291476
640625
618617
249077
334773
186205
237097
689385
389228
735828
30695
866580
940897
610291
548599
673279
166303
918403
734090
209200
170803
591065
366693
907386
578917
725768
929278
578539
736114
168590
728257
242440
984210
662347
234708
404529
501990
625794
913225
674441
553799
216490
81888
82762
316636
260768
145231
709490
187614
659762
210422
91760
284603
582526
461417
620715
334059
215925
411168
136411
222464
757220
809830
770859
853318
453630
945077
918807
819084
856825
251307
687906
988685
339214
918810
817970
16959
708014
937796
259955
829647
242766
656146
529547
850856
158066
526119
275394
722893
96090
629932
195684
137853
50540
887523
986604
666992
748618
886131
371649
503219
324327
607832
608825
470575
890362
895299
531649
358880
308759
527466
189706
918648
558407
964747
455448
671508
643394
142712
994174
483405
729272
206056
544170
412222
483660
585299
721153
100205
355391
512234
135443
681360
290421
292175
137127
469825
60145
981512
889926
694123
289891
807691
803824
591521
64927
390892
109964
910994
804215
483260
582766
116325
582658
478471
420862
695774
85946
589826
356546
398829
59607
14563
894399
467691
430828
249862
240239
563
761953
963472
736900
973761
82398
384700
751024
958068
287667
917851
307747
42886
231146
369063
977570
698123
320586
215310
26759
699419
7700
132236
77173
4508
958310
314514
372182
539057
838218
272955
802124
938939
257685
155661
712691
616996
541209
759042
280907
951931
890263
644492
211315
3694
374154
213772
771200
644348
247135
443311
98068
634918
127221
200062
474721
536198
718584
310480
233232
107850
35629
897949
759682
698540
353639
599666
409930
422309
820818
61821
230288
597091
442490
684804
706107
611791
570494
670803
116400
88279
245228
23866
292283
630387
572417
415445
39293
987006
504825
155579
459051
473090
569389
702101
184823
472443
945301
152887
158561
561438
346864
860744
836858
466661
872895
477894
142685
909824
302764
503020
630665
948715
962835
94270
813081
28403
354455
332223
964301
307874
244485
897130
123342
861453
379281
398087
455910
683169
674836
655607
734353
164245
897091
296564
547389
954256
173131
721589
213832
267523
374692
668360
478655
684559
511611
349142
264644
89546
19495
680212
129062
786059
534230
917697
171734
717139
374800
629631
766129
403839
136538
709871
931728
899433
416897
732817
1087
284376
57953
864857
60472
294748
464960
224270
80670
164090
829032
404280
285318
417220
956579
863342
931422
191449
85513
221277
978927
862109
391648
408925
326056
192272
539266
90996
503450
609035
715934
151982
106013
577932
306738
2687
470952
459692
840078
883395
311448
571581
663491
289406
632377
167956
84883
167199
599108
680102
787154
599856
676976
575566
516508
742229
900052
978805
859141
522194
75550
64952
999682
284684
488719
212869
407864
215335
894308
392562
134265
155670
994123
482363
347717
990727
984646
203905
687083
360496
536290
209680
461161
151064
784416
702166
874308
858320
644166
335608
218352
323594
555895
906882
823206
139508
640522
641343
22815
577023
253535
316293
193698
39968
899922
183316
434808
577223
321691
134274
382236
663083
980856
756228
376064
798480
764739
776919
113447
500267
410678
24946
502692
322678
728382
368603
90466
494096
375269
709609
96172
450908
741249
810946
737581
436979
50632
975350
617979
497721
207682
41008
821678
662102
64528
717180
714159
118541
529362
111310
776667
170084
49452
165330
546734
598742
806839
47861
812562
790332
117065
58531
292899
934275
163212
453284
194605
456101
932603
617610
871863
885737
816001
16011
717422
393283
944645
371336
224469
23887
284914
594547
595668
504160
406710
89224
771245
812876
57103
583415
580376
570005
673756
940243
331254
676979
995866
166803
625765
318348
595212
983178
21384
255212
469058
298948
646822
343626
228387
654011
604562
559707
303889
622531
545206
982033
17323
400778
970456
222144
479312
241709
80199
219386
422405
427858
506251
866680
816917
169646
284171
958403
786440
614581
341711
813933
463810
672948
813370
440997
561622
884837
820673
921222
363461
379844
4217
420670
200820
293720
152596
431255
332684
330603
270744
176255
375118
979557
345997
887725
258488
729213
93959
68819
734064
196874
337042
795593
234296
942196
145613
784852
854183
715497
352847
988582
330008
466482
951205
23359
886089
459779
149869
804384
547823
529942
573057
699499
866849
24580
739167
362096
549401
445095
132614
711036
162501
611786
994335
58395
152576
420356
73991
50118
172387
223962
756788
200096
337090
198088
416449
627602
664053
797565
855800
852562
951161
413131
476963
825419
92527
97129
632827
927681
365341
577740
261063
214245
179074
262278
389869
262063
645626
609248
977590
357861
844442
708322
609206
941456
259277
651488
999669
239492
81052
909405
747831
813763
934848
240060
870914
22710
910208
615976
145790
816108
470309
921439
335450
500104
857797
372867
118364
424549
425210
568899
533179
741137
787990
932427
833834
962636
260954
195264
532122
175296
154767
338204
313940
858783
300447
216712
819842
988496
308719
41723
200157
297599
881204
345829
560438
672122
484692
5366
657221
837258
178414
198111
259552
785665
535660
842433
217719
652557
538722
621093
493963
881163
883661
633635
17257
615040
714839
182692
502458
696777
769920
351276
339149
906727
249650
533270
639574
457443
35344
990038
78616
421299
940826
660948
193759
17132
772294
601017
391954
979475
360582
255852
503119
197126
115555
762576
502092
184022
371477
891788
241591
279519
752262
460862
796852
666767
559687
465788
597293
240689
273211
623570
877069
502013
809124
81954
600489
490446
670023
680535
620466
933218
331952
967048
95543
743632
47262
209981
695544
675217
801639
597414
325758
486657
679843
108434
686544
908337
786567
279508
757868
786105
368652
441663
445055
853478
591696
906581
362097
684565
650287
433004
37338
256124
116657
671775
99509
76605
593959
448977
285095
596367
138013
207857
131786
927785
374660
440210
219703
435475
351879
951065
142753
767387
181469
535030
613885
707335
121104
298616
970538
628489
593307
73502
420994
989083
819103
819949
205916
747137
102408
740443
844046
112094
424011
166336
618857
973319
770155
612902
708661
34812
194289
626929
345153
637936
733852
531692
730920
857505
352365
159115
890758
750250
161150
137044
559367
898527
178357
483280
27850
453011
972245
507722
803653
565747
436408
527932
569224
133220
737969
747629
91850
693522
871267
102188
909043
527041
68745
550288
228687
848228
816559
733507
790269
58602
728750
56972
39729
458515
210192
329422
677234
29271
509491
71977
7630
942676
545469
886741
921770
883356
531322
656564
245660
596555
167859
902711
350586
318413
847373
597661
292504
654692
726090
116495
688224
300906
975781
925835
762850
929658
117883
509048
972059
249856
366630
826484
792494
121200
350534
498671
984862
609273
322291
765283
184037
49730
744902
946167
178243
216341
800930
305882
745882
666965
483533
61812
466520
831079
599154
935021
685433
669636
436879
68893
362538
561659
625856
532175
774254
692594
818793
252392
124420
885440
289400
294722
508040
503841
450454
389944
310221
775760
689741
978655
986435
764530
891004
347425
467935
888461
726533
665818
837740
689876
437239
583066
127066
665444
850668
387848
179222
757167
619372
569003
276776
978660
95489
775338
138568
637434
269215
611161
318048
821690
662342
598260
9830
61717
851186
318564
701752
50424
17876
555099
592210
658476
389698
460288
616726
834038
431056
92040
809373
541618
342605
633193
413402
437233
55915
51791
364220
643779
659620
190308
142508
219893
803333
641309
298241
291729
359599
983887
483499
293004
419593
602500
892069
120706
567019
45154
768533
545207
291712
591897
13321
322995
996859
96813
753115
988461
610904
632260
796724
729917
665717
563429
885643
214456
983243
343982
271374
584461
358362
21239
507520
874043
170738
551100
887730
557554
897024
730126
418083
298021
923831
358967
720395
697579
676063
338094
387088
933135
638181
800095
781698
785295
103524
326596
33618
896955
131282
399751
752087
887571
511460
148965
187997
638410
381489
770171
633801
947711
685917
188120
403875
375747
885238
545006
707147
452846
33335
51314
350688
794688
94704
143048
97373
949310
81299
860156
918655
85479
498771
90338
730803
284773
89438
625225
514663
534250
311335
522002
347324
166225
294402
386548
55559
12180
834556
859380
95337
134422
281608
122008
767488
888914
89104
612908
760666
630278
983181
320954
311725
361927
92811
937173
872499
723968
860847
832978
497397
161025
206551
192052
992199
585273
644199
848716
341187
117340
307435
280597
325000
327977
774429
952741
313229
261416
764752
281375
121529
229474
664811
527422
674451
763650
132360
489818
703297
250720
668290
12621
907895
891030
896431
189195
240512
153917
484356
557337
608264
332417
533377
927729
892019
561463
252562
962944
406299
577438
377234
677441
299864
470738
436622
356754
217314
752973
374357
269071
457205
963421
960565
767988
720636
880953
238523
767745
812846
824285
431226
902997
805426
71453
264680
755333
335487
495932
224229
983543
471548
695964
383316
902168
205878
942576
532589
93022
540705
448518
15582
51259
26026
37255
899937
104107
897110
336234
601058
700197
473537
874963
143645
162565
376918
490576
344287
233032
709041
462254
738550
920171
776876
122773
640864
49596
620367
502221
327075
641137
532749
198765
509712
862657
919743
269807
860406
915434
855743
920873
884128
670233
967723
595048
115813
89150
387965
535591
321594
342542
587965
541287
390103
134801
123029
316583
789615
664819
775166
117208
717792
860329
355051
565452
829858
198010
673383
528007
311585
211508
49379
692307
978245
894620
888051
969710
281405
926628
437350
862483
256637
195155
258129
144600
945538
434008
916062
243874
752730
792641
971628
881709
831977
132065
562388
319307
600146
247831
631962
498102
40085
843395
269498
165998
682558
605695
483068
690052
790498
61260
591380
55611
273750
595551
996573
488082
151154
534284
884447
429385
638898
775478
179300
940827
79110
840432
192561
379758
299333
348936
241241
260847
43720
857687
567410
918121
234703
685490
190843
953675
654669
574299
186135
121333
348143
29149
906777
700848
414636
457395
931375
680767
807923
352683
593246
973289
252678
670306
723099
997589
105127
163626
620961
550753
526581
369307
639426
42850
650863
216034
866710
384728
964954
882688
457909
614756
946353
386972
279662
305476
310977
408634
865738
609374
527667
318142
629810
214640
737135
252049
878171
242110
411001
130624
974158
241028
288138
511382
972771
662493
225916
65538
11645
478825
446445
783555
407906
69949
754885
40855
451517
222210
771806
561023
56017
900804
555296
295782
583845
914886
198257
632358
409166
126323
529235
413899
21734
960036
116291
415994
212471
664784
247324
866710
736099
449882
941280
991392
925848
726224
489742
814341
557483
453600
699075
503660
600404
710522
370739
110645
111440
619194
637126
648920
918755
194850
334369
452860
649449
456062
6408
16263
22793
673334
593464
739689
876563
862631
414837
63976
801575
850817
885727
273211
841814
816677
473955
861203
437241
93851
154988
865419
256840
746947
516257
751593
587403
211457
771950
624488
812655
112588
39652
985351
738437
877402
685918
411383
584070
93077
195193
448325
684124
784596
277236
973136
325949
715164
325398
847265
261374
302581
873288
277152
115918
876052
787159
179172
607441
30666
267498
470357
363547
419723
603559
790540
586980
637746
318476
9558
153864
379356
729358
114910
415277
203713
913125
145834
203525
106608
213069
208690
541894
257011
466453
117928
177437
366058
731148
747451
422937
762690
338590
323611
255028
362346
460156
896885
371903
486127
799247
461440
288406
581215
401508
426689
912586
789458
596412
257873
374701
883324
246172
897055
312313
338944
520360
26257
825514
966676
361834
203253
705186
573973
471164
654736
850103
708006
293297
233372
657768
101331
867533
231112
998277
939708
742285
325890
118365
567227
332389
914831
720730
92873
924032
684432
11408
602976
224418
380520
817821
44670
259864
501603
794807
116361
959097
18778
745924
588423
525079
446279
686665
591959
809893
144201
269064
158635
30654
974958
373232
225748
618907
719722
455421
179358
398681
208127
873337
150274
279086
953276
348565
524420
422179
997569
621764
338389
528147
525573
52280
905750
683630
659221
842512
609193
433294
980620
430955
749349
958616
337150
76855
86842
521287
48205
405448
223180
587883
499103
292965
46914
386461
305077
916994
128119
934302
24333
265492
162790
58948
539660
50841
197968
385969
95782
194846
276189
737718
253500
147701
717490
928334
700514
180027
16158
681333
4710
396635
651361
112447
647138
514907
966011
856508
41264
605778
958158
511394
557749
322386
290911
595059
225068
785874
486201
197832
720434
515256
449339
923860
712991
810720
63153
821213
61026
988586
668194
262862
333643
876798
857666
910300
496941
283647
597933
633325
88463
140103
454180
87133
514290
273047
107608
3649
786410
102945
649925
98044
450176
846296
478380
512998
884403
217444
741827
344142
878098
361878
414878
739733
632321
764964
950728
670232
9311
127003
327839
250289
254642
367992
570368
272749
536977
85495
803920
813910
756039
739562
327724
354455
433602
407230
89894
202935
375154
466679
627405
891652
264254
257246
310072
212822
608170
717292
732618
859433
705219
179
694037
786500
947133
904662
643685
536817
452497
664352
694262
474445
111326
23739
848414
924862
762083
848204
993405
399212
436340
910378
975032
916474
555160
688553
997640
706332
50427
889485
159368
293993
716493
515082
164029
245717
934152
409580
136132
103271
910783
81429
507554
211433
804513
520506
367478
51676
148312
260977
841504
268899
907209
618445
26735
268683
20766
573401
427931
694303
59970
569520
978248
690233
947822
328757
197005
397984
708769
587359
990621
732355
42720
925763
388916
161665
612711
542879
418601
448608
246244
62077
379375
162592
18928
651742
747877
792806
771577
339545
246300
156441
697791
70046
61747
546254
716379
52126
855868
434052
498030
464067
477338
819641
668624
763939
472891
164109
731492
689278
430891
618044
700882
822969
989600
501496
216217
698183
601978
8279
101870
375281
105870
646332
486971
331309
323127
693734
960288
472846
721525
427306
83522
505546
286853
623614
958473
329051
559754
840460
310632
412438
836091
615098
570556
689398
12876
565978
355718
15518
302735
66101
150311
352305
582897
301972
190315
471457
12782
205370
79970
810584
716002
604781
172692
442417
392230
409475
246633
416496
560689
577805
494697
341958
320970
142125
737896
945812
278513
882924
155648
466386
980731
828282
352595
845550
352449
114768
300178
956189
932694
11620
82391
995323
1890
493608
61605
84067
339555
902718
505615
453574
250210
922201
378373
609016
703390
231539
846759
515643
254655
448512
647393
125139
284735
837254
613701
751090
35227
403957
792325
269881
805341
136265
754648
777129
655130
