868078
426885
379620
765977
581430
594002
61457
432518
61378
86429
695458
881819
884132
827973
701446
92332
379899
694968
491354
979178
494758
325192
715408
565583
514574
551147
330542
28107
467577
412203
987397
871633
295893
21146
483364
892805
347904
863506
529639
100166
105987
953669
830615
537643
99173
567874
333773
382549
715989
601398
704989
195011
521965
915921
71366
341680
211510
525634
792644
51232
221164
763650
668216
158534
308093
534132
538916
79207
669177
323023
888341
40615
922792
814363
894634
221273
714957
673935
610923
264106
663119
324327
167481
605481
614843
145702
12465
39715
48835
473625
225560
957431
768850
38015
346856
640045
244234
341215
111733
718123
949403
259359
382771
59921
348780
707431
738178
951261
976282
893662
352942
847976
306020
120235
323110
624598
319303
998681
72683
403579
387802
745789
617571
865118
926346
22783
863354
502299
425237
124974
556148
374235
911491
86762
989128
45305
467177
932818
366406
418093
785853
672935
556926
543537
618641
574844
702516
588026
251009
319071
24928
290036
142530
16602
451919
707563
629563
403897
784529
971353
409845
261503
67880
565783
201503
803994
746325
561576
414485
478602
320858
53794
956860
943848
665875
825170
971189
546029
29129
793902
583776
466546
946267
781242
320667
758967
195691
478542
815521
371331
506271
195183
358668
168918
48911
819302
303327
435952
708051
566677
745640
841721
487142
16412
152820
331993
865313
921540
280660
14607
620842
653403
226326
563768
704424
161888
230289
684058
496154
737934
418918
906731
547025
371559
371515
516533
543684
925941
802214
56987
754712
290156
979978
576757
293452
765848
971143
323536
299724
39231
878313
424288
241415
999219
978512
47365
874586
521649
512705
866880
208250
880212
731604
117840
328927
215983
483474
827316
661504
696731
422093
169615
101058
419745
174386
649301
374866
49398
70439
249849
485722
16695
205177
151816
23130
629418
861191
718970
202508
446674
433431
874892
679215
496673
747200
609580
891328
288117
954990
301885
607486
409160
797922
854648
182570
249879
209495
860378
742119
258955
13463
298693
295659
211066
119700
707389
182448
562964
444111
420597
96788
476345
896958
615430
189870
4716
462131
299806
546151
71489
918394
521648
562199
764837
693422
881660
379568
519807
176210
486384
514711
675087
558503
51890
377680
55128
722932
326036
532554
55369
10685
665292
248084
854181
312754
929040
743730
587276
586606
577956
219170
238035
493013
722038
214056
311477
241980
694605
878532
628974
227250
15516
241710
52390
639591
389974
270355
455243
858132
508935
631595
685061
173073
74917
897364
724672
299921
214106
665740
427749
667060
874178
434366
110681
685525
163280
355307
990851
313374
753389
174257
571076
287328
499668
426241
709437
558954
51835
483872
503288
725507
519209
901035
515244
875317
265864
876104
567069
231502
880799
970081
62323
487586
7273
634645
460632
759872
308691
119915
568144
572663
77491
527696
123475
444709
249112
410487
78053
586614
12752
40789
536021
789358
850873
181992
628213
908889
731780
576107
54817
404447
183167
68318
663840
299928
680345
74357
187452
758184
145981
111589
294688
612564
315372
999401
51661
70666
914213
335116
631866
346976
951083
267597
124763
826958
309283
116441
583542
913276
838134
725305
501712
899789
600653
355285
405699
570187
54712
998069
246295
880589
395789
156565
373540
27573
457922
163180
126042
925001
795485
987410
412334
540788
395002
27511
267188
614484
911370
979602
915834
935047
151152
749931
224565
564954
215836
367531
891416
206126
617517
735124
861272
524014
572969
836482
985731
648031
220926
390422
895114
128054
633054
695829
458178
872320
973018
350170
645286
233344
94777
20000
712372
530539
444990
408656
18107
928137
814165
507909
822376
225180
838653
254466
205425
796150
54405
146512
651959
777848
793743
342200
374582
15867
107717
686825
320123
412825
498793
243091
946071
855367
969115
150394
245913
136518
61470
446183
696460
912162
161751
408915
466457
882974
687277
439922
602750
481482
202136
564233
11289
559592
173305
754190
715702
78834
829968
930598
89465
38752
899245
818460
829661
942312
786644
641188
434019
139877
396505
984125
714643
376498
141359
760556
771053
883829
993859
68293
18819
411065
746554
891780
334543
666561
141996
899884
570562
295822
528439
504083
637902
368557
170719
933086
356800
877571
731863
474061
475090
488435
89622
235008
693557
402984
348323
343933
392024
66649
235605
674878
259425
240440
432254
218796
940181
732325
371008
313133
408636
280605
69070
349605
142630
88910
377226
345713
116493
500739
906609
481167
854709
360842
576669
828944
890427
471090
704291
581100
127921
106134
238104
296699
232153
709653
540963
695453
61610
972200
257004
750444
74850
94669
158716
45481
131754
454670
167030
122660
182670
593516
488807
803542
630259
869989
401052
493646
418925
723984
415380
827674
408474
594268
150678
701858
459906
170658
760396
510199
833665
643577
494930
354373
642753
598657
204005
225709
35728
762869
397121
4075
7264
673771
43447
873565
773983
800788
227179
276833
331505
650407
403465
497547
621410
813644
509220
936788
824302
891984
19705
821513
756290
225346
738739
488420
334689
807069
338300
60618
736087
947181
31018
173320
536675
116796
462290
8179
423698
549355
232248
492268
92630
533239
860044
861957
736882
923639
78800
74295
401673
550475
678710
586536
888706
513537
836261
324027
141107
251800
137662
994490
334777
560777
469282
628615
133944
21818
316139
181414
896124
522872
736499
531194
327395
266365
783540
568664
842647
418075
247536
219730
748771
964464
278030
484877
917336
132885
114655
125150
77021
887503
995684
369060
804511
493664
649599
778692
664315
350333
552061
453778
555122
464031
40431
6171
135861
168387
898412
94222
333477
810
892508
283756
477122
810414
739563
861317
211000
278648
663968
960054
560841
176988
494462
204041
12348
230222
36542
972412
344271
505257
187647
296071
884141
123225
971696
488927
586477
125253
184664
958757
11905
533333
947583
571055
81440
805996
44727
368168
697672
7159
120020
178432
255826
25747
616529
361933
153549
711754
682849
501929
456002
459491
913112
376281
45023
705010
39268
669805
404605
61378
494694
873792
80717
415847
923151
746566
662841
468937
103889
133256
179142
340544
731246
24393
68667
426466
621918
859737
433742
914852
466885
963535
49192
328076
501475
408174
691385
555737
219652
3232
103679
775676
152427
295224
482829
146882
165066
677806
809527
274179
574328
591549
609393
265679
839930
335505
355316
9417
726586
247850
324432
385407
56952
314963
637964
159437
302607
757483
47605
157146
518662
327362
904395
810858
540484
836247
798433
849744
872959
486043
820327
597521
117853
545696
92313
340513
514789
989223
638845
15118
140829
294429
375369
669459
593779
493844
636371
314139
762340
208446
987326
562260
629190
306529
128346
59059
782618
565902
121626
337804
971859
473696
209310
815576
472649
831187
233640
713129
761848
166289
40960
