14
179
563
606
692
1087
1890
1932
2158
2180
2202
2361
2687
3036
3310
3649
3651
3694
3867
4003
4217
4508
4567
4694
4710
4878
5366
5396
5637
5930
6168
6408
6599
7024
7473
7523
7549
7558
7630
7700
7816
8279
8453
9213
9223
9311
9558
9830
10389
11408
11427
11620
11645
11977
12180
12358
12513
12621
12782
12876
12943
13177
13321
13927
14075
14427
14563
14688
15095
15325
15518
15582
16011
16158
16263
16410
16544
16615
16643
16959
17132
17257
17323
17372
17439
17674
17876
18021
18022
18055
18317
18778
18919
18928
19312
19495
19517
19574
20036
20339
20766
21168
21239
21384
21734
21890
22025
22573
22679
22710
22793
22815
23221
23308
23359
23402
23738
23739
23866
23887
24079
24333
24580
24714
24904
24946
25232
25277
25364
26026
26054
26257
26311
26532
26735
26759
27445
27850
28101
28112
28123
28403
28479
28862
29009
29149
29271
29633
30654
30666
30695
30735
31237
31300
31587
32395
32451
32797
32920
33239
33329
33335
33618
33709
34012
34124
34196
34681
34812
34986
35206
35227
35246
35344
35629
35727
36123
37054
37107
37176
37255
37338
37544
38161
38237
38310
38326
38997
39002
39030
39279
39293
39652
39729
39968
40085
40261
40297
40475
40492
40829
40855
41008
41264
41723
42556
42720
42728
42850
42886
43720
43931
44039
44521
44670
44763
44801
44820
45154
45313
46087
46386
46462
46558
46914
46956
46963
47146
47256
47262
47861
48205
48258
48840
49379
49452
49596
49730
50096
50118
50312
50423
50424
50427
50540
50632
50672
50841
50887
50926
51259
51314
51386
51430
51676
51770
51791
52126
52275
52280
52887
53263
54142
54233
54577
54811
54879
55559
55611
55629
55915
56017
56260
56410
56885
56972
57103
57172
57701
57724
57777
57843
57953
58395
58531
58602
58735
58948
59543
59598
59607
59970
59990
60145
60256
60472
61026
61109
61153
61260
61605
61717
61747
61812
61821
62077
62128
62347
62785
62921
63153
63955
63976
64046
64171
64528
64533
64927
64952
65538
65559
65757
66009
66101
67146
67960
68085
68745
68819
68893
69378
69658
69949
70008
70046
70138
70210
70433
70791
71007
71029
71112
71418
71421
71453
71507
71739
71900
71977
72884
72907
73011
73502
73517
73601
73603
73991
74465
74965
75234
75550
76100
76396
76605
76855
76921
77003
77173
77368
77506
77534
78380
78391
78521
78616
78719
78955
79110
79342
79604
79960
79970
80199
80604
80670
80797
80929
81052
81299
81322
81429
81568
81622
81888
81902
81954
82391
82398
82762
83436
83522
83723
84067
84579
84760
84883
85071
85178
85211
85479
85495
85513
85630
85946
85958
86314
86380
86766
86842
87065
87133
87145
87879
88279
88463
89104
89150
89169
89224
89438
89546
89812
89872
89894
90338
90466
90520
90978
90996
91255
91467
91494
91760
91850
91989
91993
92040
92340
92486
92513
92527
92811
92873
93022
93077
93608
93851
93959
93988
94270
94482
94704
94882
95256
95337
95372
95466
95489
95529
95543
95782
96090
96172
96256
96607
96654
96813
97129
97228
97263
97373
97386
98044
98068
98101
98612
98955
99027
99405
99509
99616
99822
100205
100558
100892
101113
101241
101331
101582
101672
101775
101870
101873
102009
102188
102408
102677
102891
102945
103271
103291
103486
103524
103997
104019
104107
104819
105127
105502
105826
105870
106013
106027
106390
106608
106810
106952
107024
107079
107290
107608
107850
108341
108434
108441
108619
108930
109856
109865
109964
110645
110923
111310
111326
111440
111605
111663
112094
112447
112487
112588
113082
113153
113336
113447
113453
113530
114323
114768
114910
115108
115188
115519
115555
115813
115918
116291
116325
116361
116400
116495
116657
116658
116994
117065
117208
117305
117340
117399
117537
117824
117866
117883
117928
118364
118365
118541
118762
119325
119794
119948
120131
120228
120336
120703
120706
120896
121057
121104
121200
121333
121362
121529
122008
122773
122942
123029
123138
123211
123342
123513
124420
124627
124842
124994
125043
125139
125235
125287
125341
125365
125472
125559
125609
125882
126308
126323
126368
126575
126641
126797
126961
126969
127003
127030
127066
127150
127221
127828
128119
128166
128818
129062
129898
130608
130624
130747
131282
131299
131309
131519
131786
132065
132076
132236
132360
132614
132665
133220
133329
133596
133665
133699
133779
134208
134265
134274
134422
134801
134907
135338
135443
136132
136257
136265
136411
136538
136552
136713
137044
137127
137358
137853
137935
138013
138305
138399
138502
138568
138754
139217
139454
139457
139508
140103
141354
141434
142125
142508
142685
142712
142753
142937
143048
143446
143645
144032
144201
144372
144600
144758
144821
145113
145231
145495
145613
145666
145790
145834
145853
146192
146279
147370
147701
147907
148239
148273
148312
148965
149297
149310
149628
149733
149869
150059
150163
150274
150311
150511
151038
151064
151142
151154
151316
151437
151560
151676
151982
152045
152130
152205
152270
152305
152318
152576
152596
152764
152818
152877
152887
153058
153135
153323
153560
153864
153917
153949
154098
154736
154767
154819
154858
154988
155199
155579
155648
155661
155670
156003
156386
156441
156920
157437
157576
157597
157613
158066
158224
158414
158485
158561
158635
158839
158999
159115
159368
159440
160080
160328
160334
160405
160910
161025
161150
161176
161355
161393
161584
161665
161883
162156
162501
162565
162592
162606
162790
163212
163515
163626
163649
164029
164090
164109
164245
164340
164381
164740
165099
165250
165330
165347
165620
165998
166006
166087
166225
166303
166336
166803
167199
167265
167859
167875
167956
168058
168197
168521
168590
168763
169247
169646
169714
169785
169797
170084
170738
170803
171588
171734
172296
172387
172479
172692
172866
173131
173274
173576
173907
174154
174323
174398
174831
175296
175516
175606
175653
175775
176007
176255
176361
176479
176653
177118
177178
177437
178243
178357
178401
178414
178545
179074
179172
179197
179222
179300
179324
179358
179478
179970
180027
181040
181096
181350
181469
181598
181811
181997
182692
182920
183316
183663
184022
184037
184329
184345
184525
184532
184546
184823
184968
185948
186135
186205
186309
186694
187217
187362
187449
187607
187614
187625
187997
188023
188120
189157
189159
189195
189706
190279
190308
190315
190412
190843
190862
191111
191449
191647
192052
192272
192561
192634
193661
193698
193759
194289
194433
194450
194456
194605
194731
194846
194850
194899
194917
194996
195134
195155
195193
195264
195321
195684
195960
196252
196290
196532
196674
196874
196881
197005
197105
197126
197670
197677
197832
197968
198010
198055
198088
198088
198111
198257
198346
198765
198991
199369
199845
200062
200096
200157
200172
200499
200820
200823
200940
201154
201614
202771
202935
203253
203525
203713
203905
204087
204191
204211
204410
204556
204796
204855
204904
205301
205370
205401
205878
205916
206056
206298
206510
206551
207320
207552
207682
207857
208072
208127
208140
208690
209200
209211
209398
209680
209731
209981
210192
210263
210270
210422
211156
211297
211315
211333
211392
211394
211433
211457
211508
211520
211857
211875
212032
212434
212471
212822
212869
213069
213558
213772
213805
213832
214169
214245
214261
214284
214456
214593
214640
214974
215160
215310
215335
215430
215532
215922
215925
216034
216106
216217
216329
216341
216428
216490
216618
216639
216712
217137
217260
217314
217444
217719
217843
218020
218352
218549
218774
219008
219308
219386
219703
219893
219996
219997
220240
220398
221086
221240
221277
221431
221434
221536
221695
221702
221995
222144
222197
222210
222221
222457
222464
223180
223459
223807
223845
223962
224077
224229
224270
224418
224469
224979
225068
225748
225800
225916
226215
226340
227181
227222
228387
228687
228697
229117
229209
229474
230227
230288
230304
231112
231146
231539
231542
232068
232337
232408
232546
232603
232940
233032
233232
233372
234036
234165
234296
234435
234703
234708
235182
235462
235529
235970
236030
236427
236589
236606
237097
237106
237199
237595
237684
238257
238287
238395
238523
238616
238727
239492
239605
239785
239824
239836
239928
240060
240239
240512
240582
240689
241028
241099
241241
241300
241493
241591
241709
241915
242110
242135
242188
242440
242766
243121
243588
243874
244485
244515
244549
245228
245491
245660
245717
245915
246172
246244
246300
246304
246509
246584
246633
247135
247324
247831
247971
248238
248479
248599
248937
248977
249077
249650
249663
249856
249862
250210
250289
250576
250647
250720
251079
251217
251307
251367
251916
251936
252037
252049
252128
252392
252443
252562
252678
253308
253500
253535
254408
254617
254642
254655
254761
254852
255028
255212
255745
255852
256003
256124
256359
256637
256823
256840
257011
257246
257446
257685
257837
257873
258129
258291
258488
258797
259138
259207
259253
259277
259441
259552
259864
259955
260768
260847
260954
260977
260982
260983
261019
261063
261267
261374
261416
262063
262272
262278
262743
262862
263170
263406
263493
263514
263560
264066
264093
264254
264644
264680
264740
265279
265492
265693
266516
266815
267087
267392
267434
267498
267523
268044
268356
268683
268899
269064
269071
269200
269215
269224
269498
269807
269881
270096
270591
270744
271186
271374
271374
271633
271914
272081
272188
272701
272749
272955
273003
273047
273211
273211
273327
273750
273763
274151
274891
275377
275394
275747
275768
276104
276189
276776
276781
276925
277150
277152
277236
278199
278482
278513
278616
278726
278972
279086
279112
279257
279508
279519
279662
279680
280204
280597
280830
280907
281025
281050
281259
281375
281405
281608
281989
282958
283408
283521
283536
283647
283911
283942
284171
284376
284603
284684
284735
284773
284914
285095
285318
285429
285674
286496
286853
287074
287180
287181
287223
287357
287407
287516
287667
287831
288113
288138
288406
288539
288849
289174
289304
289400
289406
289862
289891
290227
290421
290662
290911
291114
291407
291476
291606
291712
291729
291839
292175
292271
292283
292309
292504
292899
292965
293004
293201
293284
293297
293432
293456
293720
293993
294080
294402
294566
294589
294635
294722
294748
295302
295368
295613
295782
296155
296385
296564
296654
296731
296822
296966
297599
297751
298021
298220
298241
298483
298616
298948
299159
299333
299864
300178
300383
300447
300789
300843
300906
301071
301156
301457
301890
301972
302150
302238
302581
302735
302738
302764
302783
303771
303866
303889
304837
305077
305423
305476
305842
305882
306099
306738
307032
307313
307435
307747
307774
307801
307874
308006
308339
308629
308719
308759
308779
308833
309971
309999
310072
310133
310221
310480
310512
310524
310550
310632
310977
311330
311335
311448
311585
311725
311975
312313
313229
313720
313891
313940
314514
314595
314634
314967
315075
315183
315273
315311
315650
315828
315894
316102
316293
316418
316474
316583
316636
317148
318048
318142
318348
318413
318476
318564
318690
319006
319307
319610
319931
319943
320053
320586
320865
320892
320954
320970
321594
321691
322291
322386
322451
322678
322995
323127
323328
323458
323594
323611
324098
324175
324327
325000
325211
325349
325398
325578
325758
325762
325890
325949
326056
326596
326685
326937
327075
327507
327724
327839
327977
328461
328757
329051
329382
329422
329951
330008
330190
330603
330661
330946
331254
331309
331398
331874
331952
332223
332389
332417
332632
332684
333613
333643
333903
334059
334369
334773
334784
335311
335450
335487
335500
335608
335647
336142
336181
336234
337042
337090
337150
337385
338032
338094
338204
338389
338517
338590
338610
338944
339149
339214
339292
339545
339555
340593
340893
341187
341215
341513
341598
341711
341876
341958
341966
341977
342239
342257
342542
342605
342799
343033
343460
343626
343982
344142
344287
344559
344697
344883
345153
345239
345277
345569
345700
345829
345841
345997
346106
346273
346517
346740
346864
347187
347270
347324
347425
347575
347717
348143
348565
348796
348848
348936
349142
349802
350001
350534
350586
350606
350688
350689
351276
351644
351745
351879
352305
352365
352428
352449
352595
352683
352798
352847
353093
353639
353764
354455
354455
354464
354987
355029
355051
355391
355718
355871
355890
355900
356392
356534
356546
356684
356731
356754
357861
358362
358652
358730
358880
358882
358967
359295
359509
359599
359723
359859
360057
360440
360496
360582
361131
361531
361834
361878
361927
362096
362097
362346
362446
362538
363153
363461
363465
363547
364220
364420
364488
364839
364967
365009
365341
365512
366058
366073
366125
366128
366293
366630
366693
366994
367190
367478
367991
367992
368268
368384
368434
368603
368652
369063
369307
369323
369439
369448
369563
370739
371329
371336
371470
371477
371542
371649
371903
372182
372564
372867
373058
373232
373258
373479
373535
374154
374357
374600
374660
374692
374701
374800
375118
375154
375269
375281
375487
375747
375931
376064
376812
376918
377234
377809
377936
378125
378373
378705
378864
379267
379281
379311
379356
379375
379669
379758
379844
379844
379902
380229
380278
380520
381233
381256
381354
381489
381654
381847
381898
382013
382236
382258
382341
382466
382591
383310
383316
383425
384370
384378
384534
384598
384700
384728
384788
384853
384856
385141
385713
385969
386012
386059
386223
386453
386461
386548
386972
387088
387848
387965
388220
388269
388332
388492
388554
388565
388916
389228
389698
389833
389869
389944
390103
390563
390892
390984
391214
391648
391894
391954
392230
392468
392562
392595
392962
393283
394371
394935
395309
395483
395609
396635
396784
397216
397337
397720
397753
397984
398026
398067
398087
398573
398645
398672
398681
398812
398829
398996
399212
399397
399706
399751
399798
400279
400292
400353
400778
401508
401620
402187
402896
403021
403839
403875
403957
403981
404280
404529
404809
405448
405794
405860
406231
406299
406562
406710
407021
407230
407256
407375
407431
407649
407864
407906
407925
407966
408559
408634
408799
408925
409166
409475
409546
409580
409930
410371
410555
410678
411001
411168
411383
411397
411847
411902
412222
412387
412408
412438
412505
412822
412916
412944
413112
413131
413402
413692
413899
414008
414636
414781
414837
414878
415170
415178
415277
415445
415538
415586
415896
415909
415944
415994
416094
416117
416449
416496
416897
416936
417061
417094
417220
417361
417441
417454
417548
417953
417983
418083
418512
418601
419155
419494
419593
419723
419843
420356
420360
420392
420568
420607
420646
420670
420862
420994
421299
421830
422179
422309
422405
422566
422595
422937
422953
423641
423659
423898
424011
424108
424321
424549
424767
425045
425210
425220
426674
426689
427306
427858
427931
428050
428061
428155
428440
428531
428758
428806
429385
430053
430083
430520
430807
430828
430891
430955
431056
431226
431255
431762
432067
432387
432448
433004
433180
433294
433326
433353
433602
433777
433942
434008
434009
434052
434148
434618
434808
435475
436202
436340
436408
436622
436843
436857
436879
436979
437233
437239
437241
437350
437573
437740
437744
437822
438275
438324
438352
438623
438885
439662
439843
440089
440138
440210
440452
440631
440997
441382
441396
441663
441857
442345
442417
442490
443230
443311
443412
443685
443704
443783
443899
444199
444309
444557
444651
445025
445055
445077
445095
445709
445851
446058
446279
446424
446445
446661
447085
447107
447536
447853
448325
448392
448394
448512
448518
448608
448977
449265
449339
449556
449639
449882
449936
450176
450454
450572
450908
451036
451214
451262
451367
451517
451551
452053
452205
452298
452497
452846
452860
452894
453011
453179
453284
453574
453600
453630
453900
454180
455421
455448
455686
455910
455953
456031
456032
456062
456101
456138
456724
457160
457205
457395
457443
457909
458215
458313
458515
459051
459692
459779
459989
460156
460288
460309
460352
460862
460896
461161
461218
461292
461303
461309
461395
461417
461440
462108
462254
462425
462670
462971
463105
463179
463810
464010
464067
464947
464960
464993
465107
465271
465541
465788
466386
466440
466453
466482
466520
466661
466679
466935
467476
467691
467935
468240
468318
468380
468445
468650
468904
469058
469691
469825
470169
470309
470357
470402
470575
470738
470738
470952
471164
471457
471548
471586
472443
472457
472648
472736
472746
472846
472891
473090
473537
473939
473955
474004
474445
474450
474481
474721
475662
475898
476031
476661
476810
476963
477338
477654
477894
478092
478109
478125
478148
478380
478471
478539
478655
478825
479312
479486
479513
479789
480283
480621
481220
481423
481582
481890
482291
482363
482610
482680
483068
483260
483280
483405
483499
483533
483660
484356
484371
484406
484692
484763
485167
485170
485334
485416
486127
486201
486657
486882
486946
486971
487247
487287
487378
487427
487480
487637
487934
488082
488089
488404
488719
489742
489818
490028
490446
490505
490576
490624
490837
490967
491135
491407
491691
491732
491937
492203
492435
492841
493015
493483
493491
493608
493789
493963
494023
494096
494697
494895
495507
495718
495932
495944
496802
496941
497323
497397
497566
497641
497709
497721
497843
497859
497913
498030
498102
498190
498404
498481
498671
498771
499103
499195
499911
500104
500267
500591
500837
501134
501253
501401
501496
501562
501603
501609
501645
501908
501957
501990
502013
502014
502092
502107
502221
502458
502692
502779
502961
503020
503036
503119
503219
503288
503450
503660
503829
503841
504160
504650
504802
504825
505546
505615
505692
505799
506016
506251
506814
506953
506984
507112
507183
507520
507554
507722
508040
508396
509048
509183
509289
509360
509491
509712
509849
510090
510256
510526
510852
511287
511382
511394
511460
511470
511535
511611
511647
511658
511769
512151
512234
512438
512619
512998
513090
513346
513775
514290
514411
514434
514575
514663
514907
514977
515082
515189
515256
515643
516104
516152
516257
516265
516508
517257
517263
517314
517413
517615
518485
518584
518760
519022
519572
519873
520360
520506
521053
521204
521235
521287
521771
521867
522002
522130
522194
522247
522934
523050
523759
524420
525079
525148
525398
525478
525528
525547
525573
525589
525801
526119
526581
526938
526960
527041
527422
527466
527667
527757
527932
528007
528017
528147
528340
528609
528786
528870
529235
529362
529482
529547
529942
530083
530095
530334
530483
530599
531000
531322
531637
531649
531692
531848
532056
532122
532175
532589
532749
533026
533179
533270
533377
533654
533862
534230
534250
534284
534516
534800
534863
535030
535283
535590
535591
535660
536117
536198
536290
536688
536817
536875
536899
536977
537191
537226
538722
538965
539045
539057
539258
539266
539567
539649
539660
539926
540172
540244
540705
541062
541209
541287
541412
541618
541700
541894
541902
542458
542879
542896
542985
543102
543190
543881
544170
544309
544353
544760
545006
545206
545207
545393
545469
545469
546196
546254
546270
546435
546734
547098
547389
547585
547586
547823
547892
548599
548662
549216
549401
550178
550288
550584
550717
550753
550831
551008
551100
551225
551236
551458
551991
552722
553350
553488
553799
554264
554397
554571
555099
555160
555296
555519
555773
555895
555976
556098
556295
556707
557337
557483
557554
557749
557839
557994
558133
558407
558446
558700
558808
559363
559367
559573
559648
559687
559707
559754
560331
560438
560570
560689
561023
561438
561463
561525
561622
561659
561852
562388
562575
563055
563429
563547
563679
563782
564448
564493
564703
564847
565090
565452
565559
565747
565789
565978
565999
566028
566431
567019
567227
567410
567998
568622
568698
568899
569003
569224
569285
569335
569389
569506
569520
569675
570005
570184
570368
570494
570556
570704
571010
571407
571537
571581
571760
571923
572417
572924
573057
573401
573645
573786
573973
574299
574415
574793
574802
575463
575562
575566
576065
576194
576485
577023
577223
577438
577714
577740
577805
577825
577849
577932
578171
578539
578917
579106
579169
579930
580143
580284
580376
581049
581215
581711
582413
582526
582658
582766
582897
583066
583415
583811
583845
584070
584461
584865
585004
585273
585299
585726
585963
585968
586980
587321
587359
587403
587430
587602
587883
587946
587965
588091
588423
588598
588618
588661
589366
589826
589875
589940
589952
590563
590752
590754
591065
591380
591403
591521
591555
591696
591807
591885
591897
591959
592210
592628
592809
593151
593246
593307
593464
593959
593987
594547
594642
594775
595048
595059
595087
595212
595217
595449
595551
595668
595853
596300
596367
596412
596555
596563
597091
597293
597414
597661
597933
598013
598260
598525
598648
598742
598804
598950
599108
599134
599154
599287
599542
599666
599685
599856
599968
600070
600146
600404
600489
600503
600786
601017
601058
601360
601922
601978
602500
602711
602725
602743
602811
602825
602881
602976
603327
603559
603651
604278
604562
604718
604781
604871
605427
605695
605778
606109
606214
606918
607318
607431
607441
607642
607832
608170
608264
608825
609016
609035
609193
609206
609248
609273
609356
609374
610052
610209
610291
610528
610612
610904
611161
611326
611598
611709
611786
611791
612035
612100
612380
612425
612520
612668
612711
612875
612902
612908
612931
613179
613701
613885
613904
614077
614581
614756
614891
615040
615098
615218
615537
615663
615772
615925
615976
616102
616234
616318
616371
616565
616726
616996
617267
617539
617610
617666
617858
617979
618044
618257
618445
618473
618617
618857
618907
619194
619372
619412
620151
620367
620459
620466
620593
620715
620897
620961
621026
621093
621463
621478
621497
621764
622368
622531
622661
622678
623093
623340
623570
623614
623646
624147
624488
624759
625225
625394
625765
625794
625856
626037
626586
626929
627278
627405
627602
628489
628829
628962
628966
629631
629810
629932
629943
630278
630387
630585
630665
631378
631673
631962
632221
632260
632321
632358
632367
632377
632405
632512
632686
632827
632829
633193
633325
633500
633635
633801
633859
634634
634646
634918
636168
636194
636328
636552
636790
637126
637434
637695
637746
637801
637936
638181
638410
638460
638898
639426
639538
639574
639598
639954
640460
640522
640625
640864
641137
641289
641309
641343
641344
641861
642017
642039
642124
642342
642671
642743
642880
642996
643073
643382
643394
643410
643506
643685
643779
643936
644166
644199
644348
644492
644816
645086
645557
645616
645617
645626
645715
646010
646088
646089
646126
646332
646822
647138
647393
647393
647623
647761
648040
648057
648342
648470
648601
648662
648920
649205
649239
649449
649451
649925
650287
650299
650410
650863
651361
651488
651742
651964
651993
652298
652361
652557
652918
653591
653760
654011
654110
654206
654669
654692
654736
654811
655130
655182
655307
655540
655607
655966
656146
656564
656673
656760
657221
657562
657768
657963
658080
658476
658939
659221
659336
659355
659452
659620
659762
659779
659882
659993
660625
660635
660709
660898
660948
661934
662102
662162
662342
662347
662493
662935
663083
663414
663491
663637
663638
663794
663988
664053
664092
664352
664379
664784
664811
664819
665015
665444
665603
665717
665818
666397
666649
666767
666965
666986
666991
666992
667187
667263
667802
668194
668246
668261
668290
668360
668624
668751
668865
669636
669968
670023
670232
670233
670306
670607
670803
670916
671243
671364
671508
671775
672122
672948
672989
673058
673279
673334
673383
673756
674126
674188
674320
674441
674451
674836
675217
675337
675389
675525
675894
675982
676060
676063
676113
676173
676727
676845
676876
676976
676979
677039
677150
677234
677441
677797
677801
678988
679020
679088
679770
679843
680102
680212
680535
680612
680767
680916
681333
681360
682086
682314
682362
682406
682482
682558
682863
682976
683090
683169
683320
683465
683621
683630
683731
684009
684124
684430
684432
684559
684565
684706
684804
685163
685433
685490
685917
685918
686261
686544
686665
686892
687004
687083
687146
687221
687356
687554
687749
687906
688119
688224
688494
688553
689278
689385
689398
689741
689876
690052
690212
690233
690249
690330
690413
690658
691821
692307
692594
693278
693444
693522
693654
693734
693801
694037
694046
694123
694262
694303
694648
694929
695102
695375
695544
695614
695774
695964
695965
696765
696777
696793
696875
697204
697239
697285
697579
697791
698123
698183
698540
699075
699260
699419
699481
699499
700197
700514
700848
700882
701278
701670
701752
702101
702166
702177
702554
703297
703390
703403
704162
704293
704369
705042
705186
705194
705219
705888
705910
706042
706107
706177
706209
706278
706278
706332
706375
707038
707147
707251
707272
707335
707637
707870
708006
708014
708322
708661
708769
709041
709188
709490
709609
709826
709871
709996
710066
710081
710463
710522
710631
711036
711233
711549
712234
712245
712691
712720
712874
712991
713023
713531
714159
714839
715164
715386
715497
715516
715934
716002
716271
716379
716493
716941
717139
717180
717292
717422
717490
717751
717792
717884
718155
718399
718584
718738
718809
719208
719340
719556
719655
719722
719816
720031
720073
720395
720434
720636
720684
720730
720730
721153
721525
721589
721661
721907
721945
722528
722893
723099
723449
723671
723804
723857
723925
723968
724090
724836
725706
725713
725768
726090
726224
726227
726475
726533
726685
727121
727198
727508
727596
727960
728041
728257
728382
728583
728750
728836
728917
729213
729272
729358
729917
729985
730005
730040
730126
730411
730687
730728
730803
730920
730942
731120
731148
731492
731621
731694
731801
731951
732332
732355
732373
732490
732525
732618
732817
733151
733507
733531
733852
734064
734090
734353
734388
734680
734797
735029
735178
735330
735828
735879
735897
736099
736114
736247
736381
736735
736900
737135
737581
737708
737718
737856
737896
737969
738437
738550
738710
739086
739167
739383
739450
739562
739689
739733
739999
740204
740443
740530
740921
741137
741249
741415
741430
741827
742125
742229
742281
742285
742359
742459
742558
742639
742777
743224
743632
744468
744478
744887
744902
744921
744985
745169
745782
745882
745924
746612
746773
746947
747137
747451
747568
747629
747644
747831
747877
748314
748520
748618
749349
749477
749791
750250
750353
750514
750654
750909
751024
751033
751090
751331
751593
751753
752087
752262
752406
752730
752973
753115
753194
753390
753556
753907
754032
754648
754707
754747
754885
754917
755333
755763
756015
756039
756228
756437
756529
756788
756811
757167
757220
757576
757843
757868
757903
758688
758731
758944
759042
759285
759347
759442
759512
759682
759758
760063
760666
760669
760798
760988
761667
761821
761950
761953
762083
762086
762576
762576
762586
762690
762843
762850
762915
763320
763421
763486
763650
763939
764277
764530
764739
764752
764874
764964
765058
765248
765283
765736
766114
766129
766401
766402
766560
767026
767130
767225
767350
767387
767488
767639
767745
767782
767988
768533
768653
768718
769177
769444
769501
769601
769920
770074
770128
770155
770171
770273
770341
770769
770858
770859
771200
771245
771371
771375
771479
771577
771577
771806
771950
771969
772294
772762
772887
772949
773178
773239
773360
774254
774429
774523
774649
774727
774945
775068
775166
775338
775478
775679
775715
775760
776042
776129
776667
776876
776878
776919
777054
777129
777132
777370
777451
777499
777519
779488
779849
780483
780845
780911
781400
781462
781698
782039
782609
782900
782953
783555
783563
783583
783743
784175
784348
784416
784596
784826
784838
784852
785295
785397
785572
785606
785665
785874
786036
786059
786105
786410
786440
786500
786567
786649
787086
787154
787159
787598
787990
788001
789081
789214
789276
789458
789595
789615
789708
789748
789921
790269
790332
790498
790540
790726
790969
791134
791337
791628
792112
792325
792494
792641
792686
792806
792972
793678
793838
793954
794150
794688
794807
794861
795593
795974
796287
796426
796686
796724
796852
797565
797795
798092
798122
798226
798242
798403
798480
798918
799228
799247
799389
799593
799856
800039
800095
800165
800459
800930
801210
801520
801526
801526
801552
801575
801639
801922
802124
802264
802608
802730
802734
803201
803333
803569
803653
803821
803824
803920
804161
804215
804384
804513
805341
805426
805972
806839
806926
806952
806972
807433
807691
807923
807939
808734
809124
809373
809830
809893
810261
810584
810720
810946
811072
811214
811478
811811
811881
811908
812296
812562
812655
812782
812846
812876
813019
813081
813370
813554
813658
813763
813910
813933
814341
814564
815657
815734
815842
815969
816001
816108
816559
816677
816917
817165
817445
817521
817821
817970
818246
818620
818793
818915
819084
819103
819378
819395
819641
819641
819842
819949
820006
820673
820742
820818
821020
821111
821213
821537
821678
821690
821971
822012
822130
822331
822368
822621
822737
822758
822969
823024
823059
823206
823323
824239
824285
824311
824523
824656
824740
825103
825352
825419
825514
825539
825908
826105
826141
826203
826484
827389
827741
827871
828282
828285
828292
828808
829032
829177
829647
829858
830185
830456
830639
831079
831117
831876
831977
832370
832493
832978
833456
833802
833809
833834
833919
834038
834092
834141
834556
834829
835036
835046
835245
835676
835681
836091
836119
836674
836858
837234
837254
837258
837509
837524
837740
837760
838147
838218
838680
839562
839595
839707
839799
839887
839911
840000
840078
840432
840460
840665
840824
841406
841504
841533
841814
842433
842512
842592
842676
843395
843513
843958
844046
844389
844442
844670
844881
844889
845053
845137
845550
845630
845834
845953
846296
846394
846420
846548
846569
846759
846974
847265
847373
847622
847665
848081
848204
848223
848228
848356
848414
848450
848716
848780
848795
849097
849233
849395
849743
849877
850103
850122
850668
850817
850856
851180
851186
851233
852511
852562
852845
853237
853269
853318
853393
853423
853478
854031
854183
854513
854758
855501
855530
855533
855685
855743
855800
855868
856045
856110
856508
856711
856825
856840
857361
857421
857505
857666
857687
857731
857797
857912
858176
858320
858338
858421
858462
858511
858665
858746
858765
858783
858801
858853
858934
859113
859141
859302
859380
859433
860156
860209
860329
860406
860744
860847
861193
861203
861301
861453
861544
862109
862483
862515
862631
862657
862671
862943
863270
863270
863342
863559
863768
864209
864520
864713
864804
864857
864858
865419
865738
866580
866680
866710
866710
866849
867126
867533
867647
867864
868749
869383
869495
869704
870121
870166
870335
870868
870914
871267
871449
871863
871877
872499
872661
872895
873031
873288
873297
873337
873483
873870
874043
874259
874308
874493
874963
874986
875167
875537
875691
875911
876052
876168
876355
876563
876798
877069
877402
877660
877911
878036
878098
878171
879100
879351
879390
879542
879989
880245
880362
880495
880953
881163
881204
881350
881503
881622
881695
881709
882403
882515
882688
882924
882973
883007
883185
883324
883356
883395
883661
884128
884362
884403
884444
884447
884837
884844
885011
885238
885440
885540
885643
885727
885737
886089
886131
886588
886741
886768
887157
887310
887523
887527
887571
887725
887730
887994
888051
888461
888526
888821
888914
888982
889026
889278
889414
889485
889497
889926
890243
890263
890362
890758
891004
891030
891285
891363
891574
891652
891765
891788
892019
892069
893583
893602
893648
893951
894120
894308
894399
894516
894517
894620
895030
895285
895299
895324
895888
896023
896218
896374
896431
896770
896885
896950
896955
897024
897055
897091
897110
897130
897519
897593
897919
897949
898278
898527
898626
898918
899132
899193
899216
899433
899711
899922
899937
900004
900052
900079
900804
901536
901723
902120
902168
902403
902711
902718
902997
903265
903573
904242
904468
904657
904662
904788
904878
905046
905750
906581
906727
906777
906882
907095
907178
907209
907386
907626
907655
907895
908337
908890
909043
909250
909405
909550
909615
909771
909824
910035
910208
910300
910378
910399
910431
910693
910783
910908
910994
911110
911153
911569
911616
911731
912413
912515
912586
913125
913225
914249
914641
914831
914859
914886
915197
915434
915474
916062
916296
916474
916493
916729
916875
916994
917449
917618
917697
917851
918010
918052
918111
918121
918275
918403
918648
918655
918755
918807
918810
918829
919356
919412
919743
920171
920176
920306
920386
920808
920873
920912
921088
921137
921222
921439
921573
921770
921802
921885
921968
922063
922201
922259
922928
923172
923274
923831
923860
924032
924185
924862
925179
925763
925809
925835
925848
926554
926628
926756
927142
927681
927729
927785
927841
928334
928645
928648
929278
929575
929658
929668
930097
930164
930411
930695
930799
931330
931375
931422
931702
931728
932169
932427
932603
932694
933135
933204
933218
933931
934152
934275
934302
934668
934752
934848
934898
935021
935224
935870
936033
936927
937173
937503
937638
937796
938891
938907
938939
938972
939372
939708
939765
940243
940826
940827
940897
940966
941101
941274
941280
941456
941523
942196
942310
942576
942676
942684
942769
943382
943418
943748
943861
944296
944324
944597
944645
944810
945077
945118
945301
945538
945812
946046
946053
946167
946268
946353
946740
947079
947098
947133
947711
947819
947822
948715
948745
949310
949481
949563
949595
949896
950191
950239
950426
950558
950569
950728
950985
951065
951161
951205
951931
952045
952175
952723
952726
952741
952758
952873
952967
953212
953276
953316
953364
953675
953835
954256
954269
955572
956085
956189
956269
956553
956579
956996
957283
957456
957883
958028
958068
958107
958124
958158
958310
958403
958473
958489
958616
958974
959097
959266
959799
960036
960259
960288
960565
960796
961231
961390
962236
962385
962540
962636
962835
962836
962944
963421
963472
964121
964177
964301
964393
964406
964730
964747
964954
965426
966011
966144
966269
966676
967048
967067
967140
967151
967172
967357
967611
967620
967723
968103
968279
968306
969389
969710
969968
969969
970144
970456
970488
970538
970580
970958
971112
971188
971628
972058
972059
972084
972245
972426
972771
972845
972954
973136
973289
973319
973481
973491
973618
973640
973708
973761
973988
974158
974210
974695
974797
974958
975032
975350
975781
976878
977132
977151
977296
977375
977570
977590
978144
978245
978248
978655
978660
978756
978805
978927
979113
979475
979557
979806
980232
980620
980731
980856
980881
980937
981512
982033
983178
983181
983243
983543
983577
983887
984210
984646
984862
984941
985031
985351
985629
985700
986049
986076
986435
986595
986604
986965
987006
987593
987884
988121
988461
988496
988582
988586
988685
988718
988977
989083
989198
989273
989423
989600
989699
989700
989781
990038
990391
990621
990713
990727
991392
991775
991875
992177
992199
992226
992333
992560
992724
993405
993482
993488
993650
993890
994123
994174
994335
994389
994696
994736
994981
994999
995082
995172
995323
995414
995516
995866
996507
996573
996612
996859
997176
997294
997374
997543
997569
997589
997640
998277
998910
999033
999071
999360
999669
999682
999950
999986
