810
3232
4075
4716
6171
7159
7264
7273
8179
9417
10685
11289
11905
12348
12465
12752
13463
14607
15118
15516
15867
16412
16602
16695
18107
18819
19705
20000
21146
21818
22783
23130
24393
24928
25747
27511
27573
28107
29129
31018
35728
36542
38015
38752
39231
39268
39715
40431
40615
40789
40960
43447
44727
45023
45305
45481
47365
47605
48835
48911
49192
49398
51232
51661
51835
51890
52390
53794
54405
54712
54817
55128
55369
56952
56987
59059
59921
60618
61378
61378
61457
61470
61610
62323
66649
67880
68293
68318
68667
69070
70439
70666
71366
71489
72683
74295
74357
74850
74917
77021
77491
78053
78800
78834
79207
80717
81440
86429
86762
88910
89465
89622
92313
92332
92630
94222
94669
94777
96788
99173
100166
101058
103679
103889
105987
106134
107717
110681
111589
111733
114655
116441
116493
116796
117840
117853
119700
119915
120020
120235
121626
122660
123225
123475
124763
124974
125150
125253
126042
127921
128054
128346
131754
132885
133256
133944
135861
136518
137662
139877
140829
141107
141359
141996
142530
142630
145702
145981
146512
146882
150394
150678
151152
151816
152427
152820
153549
156565
157146
158534
158716
159437
161751
161888
163180
163280
165066
166289
167030
167481
168387
168918
169615
170658
170719
173073
173305
173320
174257
174386
176210
176988
178432
179142
181414
181992
182448
182570
182670
183167
184664
187452
187647
189870
195011
195183
195691
201503
202136
202508
204005
204041
205177
205425
206126
208250
208446
209310
209495
211000
211066
211510
214056
214106
215836
215983
218796
219170
219652
219730
220926
221164
221273
224565
225180
225346
225560
225709
226326
227179
227250
230222
230289
231502
232153
232248
233344
233640
235008
235605
238035
238104
240440
241415
241710
241980
243091
244234
245913
246295
247536
247850
248084
249112
249849
249879
251009
251800
254466
255826
257004
258955
259359
259425
261503
264106
265679
265864
266365
267188
267597
270355
274179
276833
278030
278648
280605
280660
283756
287328
288117
290036
290156
293452
294429
294688
295224
295659
295822
295893
296071
296699
298693
299724
299806
299921
299928
301885
302607
303327
306020
306529
308093
308691
309283
311477
312754
313133
313374
314139
314963
315372
316139
319071
319303
320123
320667
320858
323023
323110
323536
324027
324327
324432
325192
326036
327362
327395
328076
328927
330542
331505
331993
333477
333773
334543
334689
334777
335116
335505
337804
338300
340513
340544
341215
341680
342200
343933
344271
345713
346856
346976
347904
348323
348780
349605
350170
350333
352942
354373
355285
355307
355316
356800
358668
360842
361933
366406
367531
368168
368557
369060
371008
371331
371515
371559
373540
374235
374582
374866
375369
376281
376498
377226
377680
379568
379620
379899
382549
382771
385407
387802
389974
390422
392024
395002
395789
396505
397121
401052
401673
402984
403465
403579
403897
404447
404605
405699
408174
408474
408636
408656
408915
409160
409845
410487
411065
412203
412334
412825
414485
415380
415847
418075
418093
418918
418925
419745
420597
422093
423698
424288
425237
426241
426466
426885
427749
432254
432518
433431
433742
434019
434366
435952
439922
444111
444709
444990
446183
446674
451919
453778
454670
455243
456002
457922
458178
459491
459906
460632
462131
462290
464031
466457
466546
466885
467177
467577
468937
469282
471090
472649
473625
473696
474061
475090
476345
477122
478542
478602
481167
481482
482829
483364
483474
483872
484877
485722
486043
486384
487142
487586
488420
488435
488807
488927
491354
492268
493013
493646
493664
493844
494462
494694
494758
494930
496154
496673
497547
498793
499668
500739
501475
501712
501929
502299
503288
504083
505257
506271
507909
508935
509220
510199
512705
513537
514574
514711
514789
515244
516533
518662
519209
519807
521648
521649
521965
522872
524014
525634
527696
528439
529639
530539
531194
532554
533239
533333
534132
536021
536675
537643
538916
540484
540788
540963
543537
543684
545696
546029
546151
547025
549355
550475
551147
552061
555122
555737
556148
556926
558503
558954
559592
560777
560841
561576
562199
562260
562964
563768
564233
564954
565583
565783
565902
566677
567069
567874
568144
568664
570187
570562
571055
571076
572663
572969
574328
574844
576107
576669
576757
577956
581100
581430
583542
583776
586477
586536
586606
586614
587276
588026
591549
593516
593779
594002
594268
597521
598657
600653
601398
602750
605481
607486
609393
609580
610923
612564
614484
614843
615430
616529
617517
617571
618641
620842
621410
621918
624598
628213
628615
628974
629190
629418
629563
630259
631595
631866
633054
634645
636371
637902
637964
638845
639591
640045
641188
642753
643577
645286
648031
649301
649599
650407
651959
653403
661504
662841
663119
663840
663968
664315
665292
665740
665875
666561
667060
668216
669177
669459
669805
672935
673771
673935
674878
675087
677806
678710
679215
680345
682849
684058
685061
685525
686825
687277
691385
693422
693557
694605
694968
695453
695458
695829
696460
696731
697672
701446
701858
702516
704291
704424
704989
705010
707389
707431
707563
708051
709437
709653
711754
712372
713129
714643
714957
715408
715702
715989
718123
718970
722038
722932
723984
724672
725305
725507
726586
731246
731604
731780
731863
732325
735124
736087
736499
736882
737934
738178
738739
739563
742119
743730
745640
745789
746325
746554
746566
747200
748771
749931
750444
753389
754190
754712
756290
757483
758184
758967
759872
760396
760556
761848
762340
762869
763650
764837
765848
765977
768850
771053
773983
775676
777848
778692
781242
782618
783540
784529
785853
786644
789358
792644
793743
793902
795485
796150
797922
798433
800788
802214
803542
803994
804511
805996
807069
809527
810414
810858
813644
814165
814363
815521
815576
818460
819302
820327
821513
822376
824302
825170
826958
827316
827674
827973
828944
829661
829968
830615
831187
833665
836247
836261
836482
838134
838653
839930
841721
842647
847976
849744
850873
854181
854648
854709
855367
858132
859737
860044
860378
861191
861272
861317
861957
863354
863506
865118
865313
866880
868078
869989
871633
872320
872959
873565
873792
874178
874586
874892
875317
876104
877571
878313
878532
880212
880589
880799
881660
881819
882974
883829
884132
884141
887503
888341
888706
890427
891328
891416
891780
891984
892508
892805
893662
894634
895114
896124
896958
897364
898412
899245
899789
899884
901035
904395
906609
906731
908889
911370
911491
912162
913112
913276
914213
914852
915834
915921
917336
918394
921540
922792
923151
923639
925001
925941
926346
928137
929040
930598
932818
933086
935047
936788
940181
942312
943848
946071
946267
947181
947583
949403
951083
951261
953669
954990
956860
957431
958757
960054
963535
964464
969115
970081
971143
971189
971353
971696
971859
972200
972412
973018
976282
978512
979178
979602
979978
984125
985731
987326
987397
987410
989128
989223
990851
993859
994490
995684
998069
998681
999219
999401
